0.63663 -0.77647 0.81316 -0.55673 0.15437 -0.21408 -1.20769 1.12790 0.18493 0.17047 0.26358 0.12954 -0.66758 -0.62694 -0.15474 1.05851 -0.18739 -0.38650 -0.84252 0.24152
-0.31268 -0.72364 1.04935 0.86204 -0.58625 -0.22000 -1.01807 0.10223 0.26845 -0.07777 -1.30421 -1.43417 0.22216 1.29402 0.16105 -0.89739 -0.47916 -0.29106 0.07673 -0.77927
0.14228 -0.48026 0.78381 -0.06151 1.55292 -0.47741 0.20226 0.29317 -0.35636 -0.34212 -1.40928 0.04359 -0.25229 -1.78712 0.11133 0.36127 0.28873 -0.29695 -1.21209 0.62465
-1.20072 0.76919 -1.55907 -0.57754 -1.97077 -0.73295 0.04054 0.11953 2.86414 -1.50871 -0.84282 0.44479 -0.53718 0.06269 0.86522 1.05660 -1.12779 -0.17915 0.35133 0.81298
0.54482 -1.09036 0.13122 -0.78066 -0.91584 0.32918 -0.86827 1.80987 0.05718 0.02570 -0.84760 -0.75036 -0.72948 -0.34051 0.39342 0.80892 -0.27102 0.64601 -0.05703 -1.25097
0.77178 0.34392 -0.87381 -0.41885 -1.84904 3.30130 -0.36760 1.04885 0.53659 -0.27207 -0.22031 0.84616 -0.41549 1.53090 -0.31427 -2.43626 -1.01902 -0.07056 0.05890 -0.21367
-0.36689 0.00404 1.24016 0.66098 -0.54378 0.62322 -0.49224 -0.53025 -0.68324 -1.41480 -1.02510 -1.20406 1.04682 -0.62650 0.62489 -0.84303 0.36484 0.06620 0.71281 -0.02611
0.26728 -0.32228 0.10398 -0.56786 -1.92111 -0.78505 -0.98664 1.87955 -0.79598 0.51490 -0.27930 0.63170 1.11994 0.94723 0.18068 1.13359 1.49308 1.81724 1.56180 -0.65484
1.53570 -0.13888 -0.57313 -0.40164 -0.50525 -2.06571 0.23402 -1.14434 -1.49330 -0.49600 -0.40901 1.84884 -1.84785 2.03100 -0.44148 0.19273 1.29879 0.05426 0.33713 1.05323
-1.18184 -0.06497 -0.30734 -0.92399 0.44988 0.59106 0.54780 0.94063 0.73460 -1.90643 -0.00952 -0.72880 -1.04566 0.24363 -0.50560 -0.52221 1.13152 2.11128 -0.94468 -0.78818
0.55537 -0.30370 1.23948 -0.22514 -0.13316 -1.27792 -1.01485 -0.00666 0.94370 -0.46472 1.13182 0.21501 0.25876 0.93972 0.20378 -0.12852 0.05072 -1.12513 -0.07605 0.67586
0.13769 -1.56565 0.64647 0.54669 0.35472 0.93590 0.71694 0.37563 0.08685 -0.96188 0.79530 -0.33427 0.08002 -0.08660 0.04738 0.42323 -0.13299 -0.60299 1.25936 1.32373
1.85951 3.04086 -1.21122 -1.38191 -0.88185 -2.87137 0.05163 1.57004 -4.89922 -3.79790 0.54519 0.76352 -0.70489 -0.65470 -0.93399 -1.31635 -0.64391 3.05323 -1.53534 -0.91332
0.36804 -0.09423 0.73186 -0.58145 0.18631 -0.42982 1.33603 0.63561 -0.72119 -0.32154 -0.07313 0.17636 1.85897 0.40365 -2.04731 3.51096 0.31615 -0.28366 0.99969 1.01740
1.54809 1.20018 -0.70820 -1.37494 -0.00306 1.87956 -0.15197 0.81291 0.49955 1.31143 0.34951 -1.28189 0.08911 1.20110 -0.16311 -1.72181 -0.36438 0.55830 -1.28145 1.53619
0.31386 -0.23621 0.54740 -0.44952 1.78266 0.80736 -0.18844 -0.50921 -0.79399 -0.19064 -0.14371 -0.44762 0.80306 -1.31818 -0.08524 0.75366 0.73791 -0.60383 -0.51118 0.60084
-0.17111 -0.17012 0.81611 0.57359 -0.97349 0.18293 0.38237 0.04483 -0.44140 0.47667 0.48861 0.55882 -1.15402 -0.27421 0.16435 0.78935 -1.44410 -0.07476 -0.15146 -0.04944
0.26871 -0.15668 1.24567 -0.30068 0.30049 -0.26456 -0.94915 0.92632 0.31667 -0.19721 0.46289 -0.29330 0.41589 -0.10804 -1.30027 0.68871 -0.75190 -0.69439 -0.21451 -0.18090
0.76174 -0.19960 0.34874 -0.96857 -0.88712 -1.07089 -1.41171 1.51069 -0.43993 0.99221 -0.08086 -0.08810 0.35284 -0.14434 -0.22625 -0.73922 -0.16513 -0.55587 0.41668 -1.25419
1.77847 0.56631 -1.71385 -0.24877 0.19400 1.58312 -1.48936 -1.31800 -0.54417 -0.19626 -0.69364 0.46631 1.51409 0.91173 0.70769 1.77670 -0.49727 0.26448 -0.12023 -1.11126
1.68458 0.80228 -2.42810 0.31014 0.05260 1.00590 -1.19979 0.26892 -1.52724 -0.19640 0.07346 1.59359 -0.73002 0.45315 3.07647 0.48436 -0.35207 0.53680 -1.30357 0.82723
-2.82673 -1.16707 -1.63150 -0.55723 -2.13557 -0.32072 -0.83053 -1.30001 -0.75259 1.12503 0.47234 1.54295 -1.02919 0.43151 0.97338 1.62942 -2.04569 0.03693 0.10429 -0.63343
0.62181 -1.09317 0.27687 -0.37455 -0.14315 0.08350 0.31421 0.81473 -0.36241 0.25958 0.60925 -1.13374 0.18073 0.71093 0.50794 0.54568 -0.36689 -0.29081 0.27403 -0.27572
0.68926 -0.90860 1.27566 -0.72411 -0.04006 -0.69641 -0.71854 0.57644 -0.19897 -0.64121 0.78962 -0.42919 0.23791 -0.01771 -0.03548 0.69755 0.20196 -0.19700 -0.58493 -0.41075
1.43886 -0.08965 0.30136 -0.62002 -2.20308 0.42434 0.16174 -1.29256 -1.18634 -0.50105 -1.39400 1.80180 0.04951 -0.27415 0.44157 -1.21707 1.92649 -0.16157 1.66769 0.67942
-0.36463 0.94478 -0.01633 0.37990 -0.59000 0.27223 1.18144 0.87423 -0.51717 1.43379 -0.83743 0.09926 -0.57206 0.14433 -0.72041 -1.28304 -1.15790 0.26201 -0.72634 -0.06248
1.15793 0.18918 0.27942 -1.18408 0.67839 0.56465 0.31246 -0.11720 -0.89643 1.31680 -0.33682 -1.62288 0.16813 -0.24729 -1.06594 0.01997 -0.32033 -0.91734 -1.13219 1.61925
0.65297 -0.97349 0.45454 0.57057 -0.77553 2.41377 -1.79422 0.36676 -1.10473 0.71371 -1.30920 -1.39757 0.05260 -2.07307 -1.33785 1.91418 -0.63996 -0.81796 -0.02322 -1.02919
-0.43661 -0.26111 -0.05483 -0.52299 0.65612 0.71264 0.23054 0.71070 0.43523 -0.45565 1.17541 -0.76928 -0.05022 -0.20605 -1.77841 -1.76152 0.04135 1.01205 1.01326 0.69375
-0.40027 0.11052 0.71576 0.81770 -0.70016 1.28247 1.19167 0.04354 -1.12280 -0.33041 -0.98776 0.44391 0.49727 -0.61546 0.27587 1.32298 -0.85042 0.57839 0.61077 1.05745
0.60120 0.60123 0.95381 -1.02671 0.13430 -0.45892 0.82206 -0.73455 0.11672 -0.15455 0.16966 0.05323 0.20959 -1.13077 0.73348 0.18086 0.88161 -0.97848 0.23315 -1.92133
1.81461 1.50162 0.40149 -0.78562 -0.55327 0.68927 -0.97586 -0.94594 -0.49451 -0.65777 0.47366 0.18743 0.32973 -0.48563 0.22216 0.76564 -0.91599 0.36467 -0.78048 -1.54277
0.91114 0.39566 0.49139 -0.28923 0.44809 -0.95293 1.25849 -1.16440 -1.25040 0.36256 -0.96970 0.60341 0.81997 0.39058 0.16545 -1.38083 -0.41278 -0.20185 -1.32640 0.70856
-0.50648 -0.64271 -0.76685 -0.92069 1.51543 0.70804 0.07366 0.77059 -1.51028 0.93924 -0.42785 -0.85677 -0.38904 0.71504 -0.13693 0.21360 -0.88584 -1.17692 0.12442 0.00654
0.70115 0.07985 0.93495 0.18491 -0.46699 -0.57431 -0.08335 -0.32253 0.22272 0.33931 0.07434 -0.76539 -0.05418 1.01804 1.21779 0.68759 -0.08611 -0.14173 -0.96582 0.24335
-0.03904 0.52602 0.87389 0.39802 0.67263 -0.64071 0.64958 -0.30301 0.95468 1.67794 -1.28462 1.48467 -0.82198 -0.67196 -0.51886 -1.28813 1.98313 -0.40114 0.00672 -0.68134
-2.03219 -0.80123 -0.08134 0.12480 2.00195 -0.68498 0.58697 0.37810 0.10559 0.47225 0.36687 0.10578 -0.19181 0.33865 0.10890 -1.50184 -1.64652 1.18561 -0.18249 -0.67257
0.73784 0.37675 0.52675 0.09154 0.52955 -0.94180 -0.33177 -0.39300 1.45301 0.43689 -0.66874 0.36794 -0.50475 -1.03697 -0.04713 -0.40267 1.11426 -0.29384 1.47397 0.00271
-2.42461 -0.78413 -2.79859 -1.24046 -1.33128 -1.47753 -1.32644 -0.33915 0.41854 1.96037 -0.13268 0.44038 1.44816 -0.04952 -0.29773 -0.73276 -0.73004 0.01131 0.29778 0.61888
2.37693 -1.48573 -2.12562 1.00472 0.62408 0.92634 0.33787 0.83034 0.86563 -1.15980 0.04093 -0.35909 -0.35522 -1.92844 2.54183 0.92777 0.93069 -1.04218 0.57364 3.56462
0.03526 0.64287 -1.23700 1.22748 -0.53719 -0.36386 0.21712 0.46688 0.30744 0.71178 -0.27793 0.21649 -1.18254 1.01168 1.19894 1.15603 0.34769 1.13432 0.63718 1.44487
-0.42025 -0.05545 0.67549 -0.25362 -0.50818 0.71449 1.44162 1.23029 -0.59292 0.70043 -0.28631 -0.20704 1.47632 0.83878 0.82975 0.69536 -0.50177 1.80750 -0.48155 -0.71662
-1.24347 -0.94947 -1.41138 -2.17747 1.38820 0.66312 -0.26475 -1.09527 -1.12489 -0.99260 0.00963 -0.61025 -0.88406 0.05817 0.49067 0.16680 -0.34080 0.12473 0.01963 -0.77821
-0.68035 -1.01011 -0.63169 -1.02039 0.56007 -0.12263 -0.01518 -0.75973 -1.86720 -0.33007 0.76113 0.11183 -0.23761 1.37947 -0.73173 -0.17945 1.19519 -1.09459 -2.39006 -0.20457
0.32067 0.98155 0.23053 -0.46157 -1.01815 -0.23145 0.90153 -0.10754 -0.75478 0.17405 1.20845 -0.23516 0.41018 -1.23421 1.42358 -1.46749 -0.22019 -1.42105 2.88983 0.34889
-0.26519 -0.72059 0.65340 0.33071 0.10206 -0.66216 -0.93159 -0.75357 0.50496 -0.70680 0.48824 0.44009 -1.57866 0.83492 0.91916 0.11589 0.70495 0.00474 1.19218 -1.74650
0.56325 -0.60750 1.20062 0.03482 0.38426 -0.83833 -0.45498 -0.33920 0.24192 -0.62735 0.89032 0.01904 -0.60837 -0.41729 0.28361 0.56589 -0.41487 -0.93194 -0.31017 0.17640
0.95892 -0.08026 -0.43343 0.31543 -0.09219 -0.63033 0.83651 -0.55875 -0.83173 -0.85091 -0.17402 0.55586 0.06395 1.18454 0.11889 0.37181 -0.20591 -0.56941 -1.02733 0.76040
-3.29436 -0.98342 -1.45219 -0.26034 -0.19375 -1.13598 -0.54228 -1.21307 -0.31859 0.39173 -0.30114 1.28813 1.13535 -0.54447 1.84166 1.22019 -0.23391 0.96442 -0.78705 -0.45257
0.25607 1.90807 -1.10963 -0.03485 0.51011 1.22192 -0.08425 -0.69126 1.05820 -1.30706 0.08481 0.38619 0.00532 1.91414 -0.17890 0.02807 -0.08689 1.04146 -1.54675 0.85701
-0.39506 -0.68756 -0.26951 -0.96771 0.71192 1.63476 0.53961 0.27004 -0.30226 -1.17141 0.49365 -0.31676 0.29448 1.08003 -0.34021 0.10589 0.87762 -0.50133 0.06106 0.33059
-0.85741 0.84319 0.01612 -0.07777 -0.84469 -1.06129 0.70170 1.35793 -0.98714 -0.07039 -2.11684 -2.06397 0.39795 0.72233 -0.92584 0.28362 -0.55302 -1.27957 -0.01131 -0.04178
0.91144 2.14559 -1.09972 0.08663 -0.45423 0.14721 -1.45545 0.18380 -1.44909 0.06923 0.39159 0.54787 -0.08005 -0.47528 1.12077 -0.00543 -0.30244 -1.14065 0.57297 -0.14501
0.53499 0.72928 1.15647 -1.32021 0.49291 -1.35474 0.42998 -0.44758 0.84362 0.35832 -1.25086 2.85006 -2.11626 -1.32898 -1.60101 -0.28660 1.66208 -0.31054 0.11222 -0.78300
-1.05905 1.69820 -0.65242 0.20593 -0.89720 0.39728 -1.90331 2.45729 -1.37843 2.17357 2.60408 0.73310 -1.45547 1.66623 -1.56128 0.51857 3.24407 0.53216 1.89493 0.95992
-2.22084 -0.09706 -2.51703 -0.69782 -1.22391 -0.98318 -1.22005 -0.16921 1.25636 1.92112 -0.19849 1.24014 3.10981 -0.92962 0.17166 -0.26876 -0.43535 -0.01463 -1.14657 1.01630
2.03664 -0.17889 -1.05827 -0.58728 -0.19195 -0.03113 -0.03776 -1.57854 0.56320 1.25549 -1.11182 1.76939 0.11728 0.04152 -0.75022 0.97393 0.00507 0.18703 1.22085 -1.10796
1.06502 1.12318 -0.76603 -0.42570 -1.56300 0.03452 0.06196 -0.28393 0.21295 0.07987 -0.43597 -0.92205 0.49290 -0.24399 0.84532 -0.37951 0.43147 -1.54902 1.51655 -1.31132
-1.04641 -0.46398 1.50471 1.74875 -1.82416 0.76677 -0.51391 -0.48410 -1.23634 -0.92437 -0.75225 -0.33168 -0.28716 -0.40646 -0.83523 0.73576 -0.06726 -0.23543 -0.62020 -0.09789
-0.28548 -0.65371 -0.24781 -0.02088 0.85099 1.16440 0.52814 0.86065 0.20226 0.37601 0.12707 -0.54421 -0.03829 0.06233 -0.32277 -0.07580 -0.14243 0.44893 0.23463 -0.02650
-1.69710 2.49596 0.65401 0.42576 -1.41245 0.03081 0.75510 0.55894 0.06669 1.81010 0.56777 -1.29240 -2.71572 -1.34520 1.61955 2.10788 -1.03435 1.27523 -1.09971 0.86528
1.32350 0.62322 -1.13161 -0.45077 -0.87931 0.76564 -0.02969 -0.80184 1.52408 -1.26640 0.03991 0.39850 -0.08608 1.13368 -1.01761 -0.31553 -1.93474 0.60908 -0.73660 -0.52387
-1.29148 -0.50201 -0.54449 -0.78949 0.99411 0.63369 0.38997 0.04342 -0.85239 -1.66331 0.65875 -0.66622 0.17880 0.33579 0.09938 0.64748 -0.09873 0.02894 -0.34698 -0.09715
-2.37199 -1.58641 -1.07015 -0.67248 -1.43732 -0.19253 -0.77878 -2.45085 -1.62304 0.43991 0.03862 0.83996 -0.35328 -0.19988 1.33188 1.36504 -0.61955 -0.39988 -0.31836 -0.27241
0.11857 -0.25890 0.62114 1.67962 -1.48676 1.38088 0.59600 -1.19439 -0.68461 -0.39081 0.17340 0.43060 -0.33627 -0.08189 0.43941 -0.30340 0.50644 0.25038 -0.32118 0.12788
-1.42901 0.38080 0.37045 0.67534 -1.09186 1.14638 0.88594 0.70527 -0.54749 -0.10695 1.77235 2.41462 0.56116 -0.13422 -0.80902 -0.73155 -1.87685 0.23855 0.18241 0.94344
0.86310 -0.33235 0.37816 -0.82027 -0.39028 -0.95613 -0.94410 1.56610 0.15034 0.83612 -0.21703 0.02729 0.12109 0.00916 0.16646 -0.44506 -0.43970 -0.98446 -0.19460 -0.51478
0.44748 0.10649 1.67285 0.10757 2.04746 -0.09455 1.26506 -0.09993 -0.06833 0.29664 0.33467 1.62822 -0.17600 -0.30826 -0.14187 -0.36997 1.21823 -0.00090 -0.10009 -0.55900
0.34517 -0.09492 0.79664 0.12100 0.13122 0.59438 0.72130 -1.08699 0.60721 1.31084 -0.45159 0.65099 -0.82594 -0.88445 0.14677 -1.05534 0.04672 -0.15853 -1.32543 0.08396
-0.51419 0.40432 0.52882 0.12245 0.47871 -0.87233 0.09145 1.69637 -0.48557 -1.35704 -2.47531 0.13268 0.11139 0.63076 0.23680 -0.11560 -0.66238 -1.60422 -1.77302 -0.65376
-0.76698 -0.79688 1.00912 0.82688 -1.30262 0.91164 0.04840 -0.35243 -0.61580 -0.64066 -0.52754 -0.63691 0.58416 -0.73834 -1.20678 0.99947 0.62332 -0.10088 -0.07605 -1.77524
0.09815 0.14515 1.24643 -0.46766 1.65287 0.22531 0.97403 -0.47178 -0.52975 0.97456 1.37874 1.69998 0.53536 -0.55569 0.15251 -0.40464 0.17141 1.05211 0.64069 -0.08841
-0.25191 -0.44327 -1.07533 -0.57601 0.00794 2.56573 0.65539 -0.19845 0.57762 -0.47856 1.35997 0.85064 -0.77171 1.88721 -1.01586 -1.01341 -1.36252 -0.75702 0.74155 -0.25008
-1.81554 3.11425 -0.52475 2.23961 3.01009 1.02951 -3.08244 1.83062 -1.44848 0.95567 2.06426 1.04749 1.38856 0.11484 0.47549 -0.32532 1.19999 -2.14829 0.92541 0.05422
1.55330 -1.23170 -2.31902 1.82526 -0.62336 -2.36345 0.56860 1.40604 -1.81834 -2.95614 1.62768 0.45242 0.15447 -2.20434 0.74280 -1.74282 1.94259 1.21699 0.07606 -0.27993
-0.95050 -0.82888 0.24550 1.12429 -1.42682 1.49261 0.93563 -1.91865 -1.56337 0.62730 0.42278 1.57419 0.25382 0.32605 0.02422 -0.61986 -0.05782 -0.09490 0.07858 -0.99478
0.84463 1.41526 -0.50089 -0.47123 -0.40613 -0.73701 -0.54814 0.62831 0.65576 -0.78914 0.30892 0.28648 -0.06840 -0.44777 -1.17957 1.04625 -1.33879 0.25190 -0.23251 -0.30994
-0.63956 2.53605 0.02164 -0.72578 0.95648 0.07393 0.35919 -1.11105 0.79695 -2.03594 -1.59521 -0.30675 0.11215 -0.19984 -0.63594 1.00180 1.12234 -2.09122 0.54482 -0.54873
-2.06267 1.54779 -0.15060 0.95452 1.41307 -1.37238 1.50397 1.52417 -0.75035 -1.16682 -3.94841 -1.10606 0.74395 1.45954 -0.03399 -0.48923 -0.58862 -1.75152 0.14938 -1.05992
0.68226 -0.93080 1.10498 0.18258 0.09863 -0.82641 -0.02040 -1.08277 0.20745 -0.20066 1.17903 0.08326 0.45503 1.57284 0.07161 -0.23701 -0.11820 -1.74895 -1.56154 1.31936
-0.01504 0.86414 -0.46835 1.57702 -0.09663 -0.17373 -1.13136 0.61416 -0.25156 1.88951 0.19630 0.47785 -0.25441 -0.35530 0.62399 -1.54474 -0.14967 -0.44051 -0.48760 0.19065
1.19401 0.93302 -0.72117 -1.36271 -0.35642 2.09741 1.46598 -0.91950 0.43376 -1.24130 -0.33052 -0.84764 -0.26722 0.48376 1.41790 -0.99437 -0.36094 -0.74997 -0.75356 0.10720
-0.43260 -0.49669 0.38329 -0.04143 -0.50339 -0.84206 -0.43808 1.03172 1.07134 -0.07432 0.30774 0.01304 -0.68226 -0.01049 0.77364 -0.32729 0.68286 0.62720 -0.55998 -1.48646
0.75764 -0.82652 0.07649 0.19040 -0.08559 0.00259 -0.88204 0.72471 -0.50948 -0.22226 -0.77150 -0.26905 0.12218 -0.36572 -1.01947 1.30695 -1.82492 -1.71711 -0.28710 0.11970
-1.47529 -0.26873 0.83592 0.30982 1.48744 -0.36800 1.03469 -0.33169 0.73098 -1.96390 1.04054 0.30109 -1.02721 -1.37830 -1.53443 -0.76063 -0.11159 -0.10023 -0.00049 -1.00755
0.17094 -1.12844 0.65121 -0.37859 -0.49548 0.80209 -0.97629 1.77466 0.76196 0.15370 -0.14999 -0.05560 0.53116 1.59368 0.01148 0.16564 0.14010 -0.22039 -0.26480 -1.07536
-0.19782 -0.73197 1.38235 1.39898 -1.46497 0.44799 -1.88804 -1.11804 -0.87224 -0.96459 -0.41010 -0.34719 0.97383 -0.93814 -1.40940 -0.68201 0.21527 0.94915 0.37316 -0.15701
0.22778 0.44278 -0.13161 -0.83278 0.78480 0.06698 1.45995 -0.73831 0.20910 2.20710 -0.65422 0.84884 0.31445 2.35824 -2.36825 2.05708 1.04553 -0.01191 1.54659 0.80007
-1.44541 -0.98069 -2.02128 -1.78852 0.97593 0.09165 -1.21897 -0.16357 0.34044 0.06683 0.13369 -0.99408 -1.12175 -0.42032 -0.94663 -1.95999 -0.54331 -0.57637 1.27527 0.53321
1.02406 1.07165 -0.50002 -1.15169 -0.73265 0.74967 0.89809 -0.40561 0.82897 -0.21277 -1.21483 -0.13510 1.19379 0.76584 0.06877 0.55890 1.03161 -0.23818 0.22192 -0.64444
0.60917 -0.69294 -0.63222 -0.23717 0.89026 3.00059 1.58894 0.25025 1.27461 0.08755 0.05679 -0.42782 -0.78234 0.83172 -0.08431 -2.18414 0.54050 -0.42557 0.36890 -0.43745
0.77602 -0.63817 -0.17419 0.97177 0.72543 -0.58142 -1.84958 -2.49014 -0.48904 -0.60856 -1.73344 -0.62034 -1.72561 1.96599 -0.41774 -0.30968 0.53514 2.15911 2.40738 2.42914
-0.84120 -0.63659 -0.09051 -1.05960 -0.40234 -1.02779 -0.44449 0.13980 1.09883 0.07548 -0.88024 0.68624 1.23042 -1.51047 0.68916 -0.07592 0.26218 0.00977 -2.09487 0.51652
1.67464 -1.69357 -2.64731 2.92025 0.20961 -0.56824 1.45004 -0.09457 0.62914 -0.57902 2.64156 -0.70407 -0.55027 -0.43756 -0.31529 0.46007 -1.16675 0.01098 0.77679 -1.13924
-0.42541 -0.65815 0.62471 0.08211 -0.26434 0.45865 1.20454 1.28282 -0.62149 0.34106 0.47092 -0.45103 -0.84034 0.95784 -0.20803 0.76646 -0.45035 -0.11893 -0.81908 -0.45310
0.90976 1.24152 -0.42515 -0.82801 -0.77299 -0.60068 -0.08724 0.71775 0.31342 -1.00492 0.33069 -0.15479 1.07697 -0.37030 0.63907 -0.47794 -0.37961 -1.12474 0.68020 -0.50497
0.08869 0.19072 0.96279 -0.65021 -0.55769 -0.17577 0.78572 0.52601 0.11686 0.48154 0.39404 -0.27078 1.16737 -0.04422 1.20120 -1.48560 -0.02780 -1.29086 1.22340 -0.11153
-2.26935 0.73988 0.53673 0.26526 -1.27716 -0.39690 1.27887 -0.70339 -1.69213 -0.02228 0.10897 -0.17399 -0.18078 -0.51131 -1.60456 1.75018 0.54525 -1.64118 1.89775 0.22045
0.66215 -0.11821 0.09682 0.43973 -0.22495 -1.77507 0.19832 -2.31223 -0.80075 0.12604 -1.87097 -0.44987 0.60945 4.11409 -0.25036 -0.08413 -0.51768 -0.35258 0.22945 3.84516
-2.56803 -0.24591 -1.53266 -0.17719 -0.74978 -0.60802 -1.32031 -1.23917 -0.07613 -0.11994 -0.75225 -0.06402 1.53295 -1.08771 0.16750 -0.28667 0.24825 -0.87635 -0.89434 0.74668
0.43696 0.79343 0.21822 0.55643 -0.01921 -0.53875 0.69932 -0.95398 0.79427 1.92412 -0.51034 0.94922 0.36534 -1.23849 -1.33545 -1.15736 1.67169 -1.48588 0.09835 -1.43367
1.73768 0.59017 -0.06162 0.16192 -1.24342 1.85500 -0.41233 -0.96697 1.29199 -1.16707 -0.06859 0.91425 1.20282 -0.39835 -1.69385 -0.59684 -0.43068 0.95502 -3.08956 0.90687
-0.12210 1.64852 -1.13929 0.63281 0.16083 2.05082 -1.43524 0.91761 -2.48659 2.66695 0.48937 0.46518 -1.08089 -0.18163 2.15822 0.52914 2.22700 0.00498 0.35027 -0.49804
-1.09319 0.57625 0.06028 0.00677 -0.29200 -0.11129 0.47121 -1.15333 0.16232 -0.65188 -0.83864 0.29623 3.03191 -1.01311 0.23338 -0.17693 2.06370 0.17080 -0.53580 -0.87958
-0.09722 -1.18125 -0.60291 -1.91610 1.10318 0.20054 -1.05890 -0.86734 -0.57162 0.05730 1.15079 -0.90927 -1.35055 -0.59417 -0.12071 -0.89877 -0.00493 -0.64503 -0.48211 0.45953
-0.45379 -0.98218 -0.74467 -0.10649 0.60296 0.59843 0.83028 -0.14053 1.17806 -0.75625 -0.28234 0.15641 1.00234 0.67451 0.97697 0.10179 2.37593 2.49638 -1.35062 2.09594
-1.22952 -1.53681 -1.07255 -1.62463 0.99932 0.54136 -0.45198 -1.84133 -0.93578 -0.87769 -0.06397 -0.22720 -0.57605 -0.07181 0.86557 0.58179 0.41783 -0.37439 -0.25268 -0.56328
-0.44876 -0.39560 1.17365 0.06799 -0.64781 0.06439 -0.43319 1.20714 0.76177 0.04978 -0.41073 0.15686 0.02181 -0.13815 -0.29884 -0.89703 0.58655 1.15665 -0.46886 -1.15862
0.73548 -0.89107 0.86782 -0.59102 -0.21261 -1.04038 -0.98458 0.47446 0.15457 -0.03846 1.07775 0.02870 -0.17962 0.39168 -0.32302 0.17767 -0.54196 -1.57721 -0.53777 0.04095
0.83127 -0.02845 -0.91216 -0.00104 -0.05771 0.17343 -1.70674 -1.14725 0.16907 -0.83782 -0.41631 -1.56664 -0.57120 -0.57445 -3.10379 -0.13629 1.43225 1.13313 1.66508 -0.08052
-1.00577 -0.15752 0.48631 2.34395 -1.18581 0.99558 0.04907 0.10854 -1.49572 -0.01244 1.33320 2.68881 -0.61422 0.89703 -0.26840 -0.47175 -1.55003 0.77881 -0.19754 0.86217
0.54666 -0.09022 1.22003 0.03100 -0.00174 -1.34628 -0.58023 -1.17699 1.30891 0.19412 0.90623 -0.00411 0.91710 1.56340 0.62388 -0.84207 0.22116 -0.45374 0.54107 0.94825
0.04522 1.04749 0.75983 1.60112 -0.06513 0.85140 -1.73488 -0.38852 1.79249 -0.59271 0.76133 1.66689 2.70036 -1.10917 -1.66959 0.00416 -0.00980 -0.96945 -1.75783 1.39079
0.06044 -1.23876 0.73854 -0.30676 -0.40283 -0.02472 -1.14929 0.94190 0.57891 0.09988 -0.27457 -0.40463 -0.69658 0.73944 -0.21288 0.61078 -0.55275 -0.73252 -0.63627 -0.43171
-0.77003 0.04775 -1.45916 0.78667 -1.56248 -0.05714 1.98860 -0.47572 -1.68492 0.68081 1.70958 -0.32723 -0.64131 0.97954 -1.89708 0.07328 4.01483 -3.95520 -1.22447 -0.38469
0.14307 0.73478 0.28517 1.46779 -0.13953 -0.58763 1.51404 -1.53275 -0.13776 3.17580 -0.79858 -1.75319 1.19247 -0.79909 0.82399 0.30838 -0.62652 2.01184 0.18343 1.02772
-0.87799 -1.48673 -0.61816 -2.13168 1.65264 0.26539 -0.72553 -1.95833 -0.88552 -0.47622 0.68355 -1.05866 -0.65817 -0.37555 0.34845 -0.26180 0.50501 -0.22516 0.28371 -0.77936
0.30718 0.63775 0.63950 -0.86670 -0.51942 -1.20053 0.77388 0.20534 1.11912 -0.46176 0.23237 0.60884 0.70972 -1.11802 1.89866 0.65904 -0.94101 1.03212 0.46207 -0.67137
-1.08589 3.65944 1.49149 0.00535 -0.82744 -0.61182 0.74595 -2.07883 -0.12796 -0.07112 0.82625 -3.38187 -2.16391 -1.88357 1.51201 1.28242 0.06457 -0.44216 -0.64163 0.28658
0.91957 1.02543 -0.82339 -0.25415 0.16135 0.19895 0.37908 -0.76471 1.05111 -1.09723 0.13784 0.29042 0.83134 0.03303 0.13352 0.89081 -0.72862 -0.57001 1.10091 -0.30103
0.68250 -0.05421 -0.11238 -0.66040 0.32560 2.59321 0.93203 0.73815 -0.67353 -0.67434 -1.16986 -0.36905 0.94583 1.01854 -0.08944 -1.63546 0.67861 -0.72912 1.13793 0.34666
-0.08155 1.19059 -0.59006 -0.07913 -0.51776 0.14951 0.49899 0.23705 0.22564 -1.99215 -0.76788 -0.20613 1.34179 -0.92622 0.62054 0.47632 2.57272 -0.63235 -0.59139 0.79252
0.15367 -0.58318 0.43008 -0.11402 0.35919 0.61236 0.23342 1.38428 -0.53098 0.93604 -0.58042 -0.39041 0.63165 0.69270 0.76050 1.85159 -0.22975 -0.11991 -0.20887 -0.58872
-0.82086 0.08811 0.58117 -0.01793 -0.09348 -0.36561 1.24505 -1.00334 1.26742 -0.40443 1.12856 0.67672 1.71897 -1.57771 -1.38508 0.79725 -0.46454 0.31893 -0.00554 0.11162
-0.08954 -1.15860 0.71948 -0.62990 0.83456 -0.90991 -0.61618 -1.39921 0.24212 -0.68651 1.16420 -0.14623 -0.49291 -0.30207 -0.22369 -0.13897 -0.21443 0.13421 -1.25321 0.96351
1.65921 -1.55271 -1.90235 2.85872 0.85472 0.11188 0.67458 -0.51467 0.44945 -0.64161 0.42671 -1.17783 -0.33324 -2.47152 0.45506 0.99988 0.04347 -2.06995 1.28194 1.91697
-1.16512 -0.98698 0.51307 0.70938 1.03941 0.90138 0.78678 1.00408 1.43634 -1.92495 0.68717 0.18860 2.16145 0.77039 -0.14649 -0.44310 2.09820 2.20541 -1.45464 1.77196
-0.05647 -0.90822 1.02057 -0.03625 -0.50503 -0.07594 -0.95470 1.46727 0.84566 -0.17758 -0.70644 0.16918 -0.74393 -0.57630 0.01821 -0.16664 0.46987 0.54464 -0.50449 -0.39587
0.10679 -0.77435 0.62952 -0.46334 0.12716 -0.39203 0.12041 1.11335 -0.22315 0.66066 -0.41732 -0.64502 0.36236 1.58854 0.00078 0.69803 -0.34253 0.22568 -0.61718 -0.82640
-0.16186 0.74767 0.64323 0.12804 -1.43628 0.48063 -0.00375 0.28650 -0.69906 -0.79113 -1.06127 -0.39018 0.87064 0.07938 1.55030 -1.40035 -0.30261 0.62580 2.05295 -0.76292
0.73568 -0.70408 0.91453 -0.59839 -0.19828 -0.54868 -0.75574 0.19923 0.10375 -0.26340 0.38481 -0.18821 0.15470 -0.05061 -0.08341 0.87801 -0.57889 -0.76276 -0.50429 -0.94464
1.84364 -0.85584 -0.94305 -1.19367 0.31235 -0.69750 0.09489 -0.27962 0.25954 0.75105 -0.37688 1.29888 0.56512 -0.41956 -0.43076 1.38417 -1.43491 1.04942 1.40207 -1.51545
0.84878 0.00569 0.54326 -0.61661 1.02113 -0.12041 -0.18273 1.16084 -0.68064 0.48941 -1.03669 0.22687 -0.19654 -0.99675 0.61471 -1.20085 -1.21763 1.14920 -0.84812 1.82224
-0.18508 -0.27656 -1.89683 2.59127 0.34742 -2.57929 1.91763 1.57568 -0.05258 0.63165 -0.18439 -2.43570 0.23186 0.19453 -1.24751 -1.35996 -1.22946 0.24936 -0.60935 0.01283
-0.10464 0.51992 0.29845 0.17104 -1.13654 -1.26545 -0.96187 0.32150 1.01240 0.37408 -0.39308 1.35692 -1.35597 1.40299 1.53936 -1.13349 -0.29612 -0.27812 0.02485 0.33839
0.97292 1.86651 0.00433 -1.16081 -0.10792 -0.08082 1.11973 -1.03427 1.97377 0.36117 1.04684 -1.05165 -0.78616 0.67714 0.19002 1.93963 -0.16575 0.42212 0.56646 0.42914
0.56838 -0.51308 0.73998 -0.17465 0.44370 -0.09935 -0.54950 1.38053 0.12876 0.53239 -0.20895 -0.24580 -0.72637 -1.20264 -0.44834 -0.11852 -0.87826 -0.43689 -1.41652 0.91913
-0.10443 -0.48171 0.22152 -1.49724 0.63251 0.78778 0.69908 1.59372 -0.11024 0.48795 -0.28272 -0.54470 -1.03554 -1.23206 0.21980 0.91769 -0.78917 0.65558 0.48907 0.67584
-0.59266 1.60936 0.02647 1.57156 3.27175 0.19780 -2.21806 0.00718 0.13349 -0.94129 -1.61903 0.62570 -0.11098 0.67238 1.27556 0.30757 -1.85510 -1.46358 0.10602 -0.88625
-0.27210 -0.41113 0.61541 -0.28400 -0.35249 0.68903 0.59709 1.39172 0.31605 0.17587 -0.52214 -0.36526 0.96839 0.25118 0.98802 2.57431 0.27179 1.06936 0.93758 -1.08878
0.01495 -0.33425 1.13225 0.93713 0.31874 0.97007 -1.75374 0.68903 0.05227 0.56457 -0.44604 -1.28530 0.07406 -1.24421 -0.56212 -0.88474 -0.01088 0.16992 -0.58980 0.60712
-0.86733 -0.59000 0.14229 -1.74850 1.63046 -0.16985 0.21498 -0.92086 -0.62429 -0.63177 0.89156 -1.10118 -0.27877 1.50568 -0.15536 -0.36793 0.03819 0.97031 -0.08508 -0.57717
-0.90352 0.47631 -0.06722 -0.44359 0.86179 0.60492 1.18344 0.64685 0.57058 1.03141 0.26298 -0.08578 0.48418 0.18285 0.03404 -1.63596 1.57877 2.07454 -0.45444 -1.37506
0.91212 -0.10038 1.13580 -0.31444 0.56359 -1.57617 -1.08090 -0.21173 1.66592 -1.41047 2.16049 0.17477 -0.52846 -1.04495 0.24822 0.69793 -1.35923 0.73406 0.19176 -0.39961
-0.43788 0.71361 -0.13368 0.25778 0.74879 -0.32303 0.81764 -1.10401 1.30705 -1.27143 0.77199 0.36302 0.71767 -1.45789 -0.10778 0.77200 -0.35142 -0.47641 0.38739 -0.93407
0.19321 0.20934 1.47631 -0.71767 0.14159 -0.28612 1.21393 -0.13388 -0.67642 0.41498 0.67189 -0.03457 1.12487 -0.26684 1.28586 -0.49664 -1.27513 0.27439 1.50861 0.41031
0.89026 -0.68013 0.84185 -0.24499 0.09392 -0.63454 -0.98066 0.34122 0.35724 0.34659 0.29008 0.03589 -0.23864 0.32586 -0.12651 0.48699 -0.26836 -1.13783 -1.48543 0.62077
-0.02455 0.60095 0.92016 -0.81675 0.87743 -0.66915 1.46744 -0.12851 -0.78656 0.25440 1.70250 0.21541 0.91396 -0.70307 1.28955 -1.51260 -1.43476 -0.76574 3.19056 0.38615
0.09758 -1.47343 0.52067 -0.07500 0.32000 0.32846 0.12698 1.03407 0.16843 0.15695 -0.08467 -0.10442 -1.00333 0.00342 0.01890 1.00369 -0.63119 0.29338 -0.27119 -0.07217
-1.49544 1.61387 -0.34741 2.07081 3.08912 0.30204 -0.56165 1.20304 2.02145 -0.90700 -0.31804 0.28827 -1.35495 1.93164 1.26287 1.26149 0.58692 0.13139 0.23228 -0.51396
-1.72623 0.87389 0.67853 0.10923 -1.12452 -0.15042 1.52899 1.03857 0.12362 -0.23214 -0.37410 -0.36676 -0.23788 0.42483 -2.15357 -1.12675 -0.92170 -0.80487 1.52211 -0.18958
0.92384 -1.63022 -2.79007 3.09686 0.49914 -1.33769 1.81571 -1.08907 -0.19736 2.02663 0.81895 -1.99561 -0.45791 0.31543 -2.12052 -0.58276 -1.36872 1.69018 0.01655 -2.60421
0.38235 0.38871 -0.29192 0.86519 -1.20370 2.10120 1.03614 -1.28620 0.63308 0.05966 -0.32093 -0.30654 -1.02435 -0.07089 1.90308 0.08084 1.13012 -0.18769 -0.08213 -1.88307
0.24366 -0.60615 1.09591 0.64289 0.16378 0.70607 0.07904 -0.58172 -0.43240 -1.07849 -0.08778 0.24261 -0.74729 0.62552 0.29360 0.16888 -0.20542 2.25275 -0.39714 0.45885
-1.86253 0.29795 -0.69996 0.28456 0.31178 -0.62980 0.41305 0.79855 1.70923 -0.52894 0.62163 0.22883 0.45001 -1.96737 -1.75333 1.07804 1.17732 0.52006 -0.27085 1.98532
0.02294 -0.63732 0.97602 -0.46823 -0.25813 -0.50032 0.02942 0.14450 0.09593 0.01140 0.49562 -0.84572 0.51930 0.23162 1.43670 -0.88874 0.11029 -0.84818 1.15428 -0.16556
-1.02745 -0.82229 0.35076 0.20594 0.74814 0.42980 -0.43035 -0.20453 -0.69746 -0.49086 0.38859 0.72241 -0.54861 -0.25692 0.04496 -1.05297 -0.34640 0.78680 -0.42955 0.50432
-0.18354 -0.84845 0.82856 0.09976 -0.88646 0.15598 -0.73930 0.81262 0.31081 -0.28336 -0.20506 -0.10223 -0.82296 -0.32667 0.41787 0.56266 0.11902 -0.54176 -0.67170 0.42440
-2.17958 -0.05217 -0.76113 0.00668 -0.56416 0.14643 1.33023 0.41002 1.14570 -1.56189 0.56704 0.69155 -1.59177 -0.33029 -1.04257 0.24105 -0.46302 -0.05882 0.11685 0.14893
0.55284 0.41794 -0.98219 1.08445 -0.13055 -0.19554 0.15809 0.33130 -0.82692 -0.57508 -1.81956 0.19121 -2.10473 -1.02015 0.85731 -0.14494 -0.42918 -0.14837 -1.04294 -0.04966
-0.13083 0.58337 0.88822 0.30869 1.42712 1.07178 1.46481 0.36734 -0.03435 0.58106 0.79962 -0.24499 1.47834 0.01330 -0.15468 -1.64739 0.60880 1.04381 0.34945 -0.17461
-1.64116 -0.01625 0.90715 1.47704 -1.47934 0.51080 0.85446 -0.97155 -0.29114 0.27503 -0.24882 1.39142 -0.74878 -0.38562 -0.21519 0.22629 -0.94769 0.61469 -0.31145 0.79566
-0.30296 0.19385 0.78636 -0.80022 0.86193 0.12513 0.80031 0.90729 -0.13149 0.42211 0.22150 -0.03148 0.09377 -0.10606 -0.12327 -1.34248 0.66352 1.64016 0.42215 -1.51866
0.93452 -0.08913 -0.29769 0.58233 1.64357 -0.33076 0.93849 -0.43497 0.06882 1.47637 -2.33794 2.33983 -3.11415 -2.00008 -0.73472 0.60393 0.62646 0.13783 0.18952 1.66217
0.94991 -1.04767 -1.93941 1.24812 -0.24160 -2.33396 1.45086 2.27474 0.78601 -0.63707 0.26594 -2.04458 0.51423 0.94330 0.76745 -0.21437 -1.24335 -1.24659 1.21027 -0.04884
0.98491 1.00157 -0.58285 -1.98637 -1.05274 0.15768 0.70830 0.39956 1.37501 -1.00125 -1.68104 0.94408 0.33980 -1.28417 -0.45418 -0.11126 1.85411 -0.47958 0.66613 0.25837
0.38211 -0.88920 0.94886 -0.10551 1.19431 -0.24795 -0.01367 0.40760 -1.20339 -0.57567 0.38988 -0.22718 0.81128 -0.02916 -0.24139 0.91426 -0.29735 0.18506 -0.72191 0.50926
-2.03403 -0.26576 -0.93221 0.12531 1.05874 -0.24165 0.69698 0.21313 1.43709 -0.50572 0.16924 -0.69057 0.62495 0.11776 0.88746 -0.77341 0.71043 0.78474 -0.50422 0.55537
-0.37611 -1.31582 -0.50804 0.96043 0.03290 0.69217 0.67601 1.76111 0.62646 -0.95023 -1.49907 -0.98444 0.60661 -0.38652 0.46443 0.00131 0.83440 -1.14309 -0.19352 1.69707
1.60703 -1.18954 -2.35547 1.29203 -0.91863 0.01819 2.11171 -0.27481 -0.10311 -0.53512 1.55139 -0.70442 -0.34731 0.27599 0.07535 -0.56753 1.87162 -2.09740 -2.85758 -0.38340
-0.32855 -0.35243 -0.31541 0.40824 -1.27693 0.24769 -1.30709 1.26185 0.86525 1.01668 0.52411 -1.22953 0.96489 -0.23770 0.55182 0.16773 2.57794 1.84025 0.87174 0.91064
-0.15189 -1.14752 -0.24514 -1.72203 0.45223 0.76290 -0.12261 -0.79110 -0.74246 0.52854 -1.35060 -0.12251 1.12535 0.30065 1.41265 0.22221 0.84413 1.50767 -0.75893 -1.31416
0.01734 -0.06384 1.46840 0.21094 0.77613 0.03638 0.27733 0.64814 -0.86360 0.33936 -0.20107 0.23669 -0.11164 -0.16344 0.48554 -0.32552 -0.73402 1.00626 -0.09513 0.38361
-0.36757 -0.19378 1.06837 0.12946 -0.20133 -1.08027 -0.52304 -0.02932 0.82056 0.47448 0.18711 0.03758 -0.22801 0.46579 0.88777 -0.69750 0.05582 -0.13127 0.14158 -0.90615
-0.63007 0.17620 0.28536 -0.50414 -0.74088 -2.13783 -0.06091 0.42695 1.90096 -0.30212 0.01001 0.87922 -0.53052 0.73966 1.83648 -0.47885 0.82040 -0.14194 -0.35288 -0.90026
-0.52254 -1.20434 -1.41367 -2.51309 1.56239 -0.37085 -1.68755 -1.41718 -1.40785 0.09146 0.45792 -0.54589 -0.63541 -0.82676 0.17276 -0.73525 -0.16350 0.05678 0.54632 -0.11508
-0.15144 -0.43999 0.61814 -0.83205 0.72281 0.79338 0.39574 0.17931 -0.51841 0.91631 0.74709 0.25709 0.92579 -0.47272 0.83694 -0.18726 0.40178 1.50452 0.59052 -0.76893
0.64293 -0.77631 0.45418 -0.18898 1.17865 0.26472 0.40564 0.57695 0.21726 1.74077 -0.13211 -0.37843 -1.49931 -1.06003 -0.79938 0.83718 -0.87833 -0.60547 -0.46777 1.15252
1.69808 -0.80570 -2.20955 2.79290 1.72281 0.05000 0.01954 -1.22976 0.53330 -1.14573 -0.08376 -0.24690 0.61642 0.69208 0.27720 0.67259 -1.32310 0.28527 0.32265 -3.17441
0.98330 -0.47009 -0.21489 -1.45856 1.11262 1.20021 1.13670 1.12544 0.06578 1.88352 -0.24864 1.02565 -0.72163 -1.24346 -0.49634 -0.63850 -0.56682 0.09923 0.52235 1.28755
0.77998 0.15323 -0.07644 0.41058 0.26433 -0.10485 0.12569 -0.48651 1.52507 2.14054 0.99098 -1.24723 2.16964 -1.27316 -1.99438 1.47313 -0.51454 1.75672 0.29556 -0.31283
0.54255 0.19073 1.15534 -0.43243 0.95106 -0.20725 1.22221 0.13728 -1.34369 0.31666 0.38334 -0.20624 0.26300 -0.82723 0.67111 -0.37316 -1.43805 0.05454 1.22251 1.70079
-0.26318 -0.86579 -0.85594 -1.44042 0.82168 1.60712 0.49188 -0.49003 -0.44745 0.96852 0.26088 -0.29448 -0.64986 -0.95261 -0.43591 -1.96855 -0.23665 -1.69720 0.48686 0.89387
1.59682 3.47571 -1.06354 -1.23886 -0.10631 -0.96681 -1.58419 1.25030 -2.16665 -1.68920 1.79309 -0.26708 1.35248 -0.39277 -1.04096 -0.59807 -0.48337 1.98375 -0.37601 0.30997
1.48592 -0.90100 -2.18633 1.53111 -0.20339 -1.68965 0.58684 0.82752 -0.44967 2.01476 0.95710 0.66851 0.29076 -0.46341 0.38367 -0.25311 1.30681 2.59583 -0.84163 -0.66211
-0.39198 -1.01368 1.04418 0.58916 -0.40747 -1.10977 -0.12021 -0.77741 1.31237 -0.49345 1.93676 0.24622 -0.00489 1.12821 1.03114 0.37693 0.61435 0.13880 -0.30049 -1.47704
-0.07424 -0.02202 1.20165 0.14512 -0.21444 0.00678 -0.53045 0.20318 -0.27487 0.67178 -0.68866 -1.16765 0.12030 1.01632 0.54677 -0.53959 0.36505 0.05467 -1.55680 -0.01947
-1.00382 -0.88274 -1.11088 -2.22686 1.23486 0.72500 -0.75135 -1.59685 -0.90459 0.10171 -0.35505 -0.82866 -0.17050 -0.20262 0.33449 -0.07000 0.02300 0.36538 -0.07034 -0.76589
0.37305 -1.07858 0.49433 -0.45788 -0.30617 0.83894 0.03087 0.83641 -0.54148 1.18375 0.18430 -0.02195 -0.34674 0.08985 0.10088 1.15135 -0.67675 -0.30480 -1.69230 0.10415
0.16010 -0.87605 -0.09780 0.85967 0.06733 1.65222 -1.25183 1.22442 -0.45823 -0.60756 -0.17213 -0.26635 0.79307 -0.76624 0.96709 1.07810 1.18547 -0.75992 -0.32386 2.18118
-0.43740 0.75968 -0.03211 0.90410 0.41286 -0.22232 0.29077 0.47272 -1.10667 1.64053 1.59402 0.81376 -0.91061 0.09918 -0.27632 0.61083 1.69106 0.19694 -1.10586 -1.81233
-0.16276 -0.87327 1.26440 2.23785 -1.13246 0.59000 -1.10374 -1.09956 -0.58919 -0.95344 -1.59692 -1.27943 0.79556 0.71350 -0.02868 -1.44330 0.04138 0.42556 0.15090 -0.62634
0.40046 0.43975 0.33566 0.75299 0.86340 -0.40497 -0.56387 -0.31905 0.76442 0.57337 1.33643 0.00223 1.75778 0.60038 -0.93600 -0.09237 0.56598 0.14289 0.07554 -2.19837
-0.93216 2.21438 -0.84823 1.54067 3.52229 0.45448 -2.18955 1.75469 0.02389 0.25420 0.02752 1.66783 -0.07029 0.26955 -0.22173 0.45019 0.29467 -0.68248 0.14815 0.28847
0.94362 -0.40931 -0.37264 0.37624 0.30036 -0.70151 2.49513 -0.58961 -0.16202 0.74710 -2.59088 2.65402 -2.79295 0.04170 -1.00469 0.51223 1.31456 -0.21202 -0.25740 -1.18623
-1.08191 0.84307 0.13687 1.37485 0.48830 0.42410 0.26831 -0.41641 -0.44561 -0.91303 1.35834 1.66427 -1.04366 0.34673 -1.33969 -0.02497 -2.88135 0.47228 0.70698 -0.22768
-0.35798 0.02163 0.39796 -0.59854 0.10016 -0.32895 2.01191 1.47763 0.03098 -0.85654 0.16317 -0.05085 1.53506 0.49932 -0.76654 3.63290 -0.16319 0.74050 2.16721 1.48945
0.71752 0.47682 0.47400 -1.16318 0.26460 -2.45885 -0.46624 -0.84606 -0.36107 -0.05383 -0.76210 1.01700 -0.15811 3.59785 -0.59828 1.77057 1.06233 1.73128 0.82612 2.51410
-0.53040 1.15965 -1.01394 -0.49148 -1.71918 2.01546 1.81502 -0.16530 1.80276 -0.29411 -0.19058 0.36777 -2.31581 -0.39521 2.25152 0.86255 -1.96702 0.69581 -0.17306 0.28826
0.51658 -0.58480 0.90485 -0.59398 -0.40025 -0.62437 -0.38812 1.50591 0.52369 0.61903 -0.49489 0.12922 -0.18327 -0.03386 0.63604 -0.69615 0.35172 -0.02355 -0.44334 -1.01433
0.00550 -0.23741 1.17797 -0.33910 -0.25340 -0.74961 1.02349 -0.80523 -1.18370 -0.41668 2.13015 0.11888 0.16164 0.54370 0.34498 -0.91759 0.12307 -1.70106 0.74047 0.36768
-0.12758 -0.74010 1.31884 1.16375 -1.10666 0.11679 -1.75556 -0.61076 -0.00514 -0.69537 -0.92021 -0.48290 -0.54353 0.43737 -0.80253 -1.04087 -0.24443 1.00766 -0.71925 0.03044
0.92786 -0.15062 0.41675 2.03242 0.81950 -0.33126 -1.80550 -3.24709 0.24463 0.93547 -0.73693 -1.59756 1.80911 0.13560 -1.31321 -0.89928 -0.32617 0.21217 2.04294 1.10714
0.21197 -0.96752 -0.13103 0.77550 -1.69344 1.25292 -2.11395 0.48631 0.63696 -0.62366 -1.70838 -0.14371 -1.64264 -1.27510 -1.17114 -0.78442 -0.20344 0.56066 1.72297 0.32244
1.45419 0.40107 0.04400 0.22163 0.23276 0.30918 -1.76256 -1.78652 -0.91457 0.78162 -1.45897 0.72348 1.32323 -0.44284 -1.86447 -0.56934 -1.06463 -0.14133 0.25219 -1.13901
-1.06129 1.29079 0.39470 -0.54963 0.45142 0.04339 0.88758 -1.12978 1.27370 -1.72134 -0.00494 0.03263 0.05446 -2.12217 -0.91199 -0.40784 -0.39728 0.68304 -1.64566 -0.39071
1.93559 -0.53810 0.08636 -1.26521 0.28040 -0.59539 -0.53520 0.81675 -0.31796 1.45760 0.40838 0.43154 1.26826 -1.25274 0.99794 0.05443 -0.12697 -1.10032 0.12457 -0.05836
-0.02193 0.42987 0.32089 -0.69145 0.42323 -1.14772 0.41634 0.66439 0.17931 -0.20082 0.31245 0.56613 -0.34560 -0.64253 0.92509 -2.18110 -1.49957 -0.89592 1.34958 1.39866
0.31567 -0.26390 1.26034 0.49389 0.43319 -1.12255 -0.62855 -0.39191 2.06050 1.18870 -0.40381 1.06149 -1.45231 -0.64909 -0.40629 -1.30265 1.31879 -0.03345 -0.18066 -0.23317
1.20400 2.46363 -0.65949 -0.26156 -1.11821 1.94776 -1.04521 -0.40848 2.89925 1.01459 1.85755 -0.78742 -0.23343 1.98660 -0.94136 -0.87210 -1.33084 0.16848 -2.07081 0.80725
0.77777 0.52439 -0.22971 -0.84632 -0.79665 -0.22612 0.12519 0.42568 -1.18491 -1.02181 -2.32187 0.29929 -0.31596 -1.33370 -2.14914 -0.38763 -0.69680 0.14168 -0.64188 -0.72942
-0.03751 2.34003 -1.36452 -1.09006 -0.11890 0.83945 0.18830 -0.23330 1.16477 0.36861 0.35260 -0.59544 -0.94150 0.83187 -1.01291 0.42428 0.14334 -0.85789 0.50483 -0.38087
0.04074 2.55838 1.18461 -0.53860 -0.75390 -0.05389 0.10928 -2.40997 0.38045 2.35787 1.65260 -3.84322 -0.86580 -0.10270 0.18920 1.26198 1.18036 0.35700 -1.95316 0.30506
-0.13740 -0.07561 -0.70793 1.16946 1.03195 0.29230 -1.02943 -1.13094 -0.74023 -0.00102 -0.10086 1.89700 1.62429 -2.05123 1.40708 2.18922 0.36144 -0.52756 -0.86454 -0.66782
-0.74037 1.67924 0.00976 0.07406 -1.11978 -1.68805 -1.27666 -0.23747 -1.69944 -0.93217 1.10511 -4.20442 -2.11572 -1.43312 -0.74552 0.36632 1.09124 0.82968 0.43406 0.66041
-0.78316 0.11735 1.19625 0.73780 -0.32293 1.06984 1.46282 -0.07652 -1.46753 -1.35933 0.58381 1.74551 1.14821 0.35809 0.35838 0.01574 -0.12665 -0.15967 1.62035 0.47671
0.52681 -0.60472 1.32053 0.06535 0.66538 -1.14530 -0.72246 -0.04746 1.53844 0.20796 0.24181 0.20717 -1.49597 -0.25408 -1.03774 -0.13699 0.33126 -0.34619 -0.40331 -0.49246
0.09444 -1.15770 0.85755 0.08883 1.11398 -0.01414 0.61533 -0.94396 -1.17497 0.53434 0.71234 -0.34336 1.00501 0.96054 0.22233 0.64410 -0.81573 0.99535 -0.67997 0.78434
0.07125 0.01983 0.68476 0.69621 -0.60664 0.16115 -0.34310 -0.34716 0.82306 0.19438 0.23698 -0.37687 0.12662 -0.46120 2.51336 -1.65870 -0.04023 0.05393 1.20650 -0.40906
-0.12127 -0.46658 0.76555 0.44095 -0.29401 -0.88663 0.19408 -0.20463 0.94800 -0.82877 -0.34887 0.39855 0.20617 1.90848 0.69165 -0.30128 1.33624 -0.60244 0.74815 -0.37146
-0.26182 -0.24088 1.81368 1.48645 -0.48960 0.63526 -0.21667 -1.50582 -0.47419 0.04936 0.39648 1.12943 -0.01517 -0.11142 1.45471 -1.31225 -0.40447 0.54615 0.06694 0.97207
-1.20589 1.86640 0.07838 1.23593 0.55737 -1.34762 1.32117 -0.39815 -0.99060 2.07686 -3.69880 -1.36248 1.04455 -0.16234 0.28628 -1.81184 -1.57954 0.59761 -1.37440 0.45725
0.18888 -0.67653 1.16069 -0.26058 -0.29551 -0.83103 -0.35890 0.32585 0.54654 0.70993 0.70383 -0.43757 -0.21308 -0.15046 0.66853 -0.33827 -0.35170 -0.92685 -0.38830 0.04017
0.01068 -0.31146 0.26709 0.15245 -0.12366 -0.28081 1.29034 0.18381 -1.84810 -0.10188 0.40450 -0.73668 0.13786 1.95371 -0.57709 0.06752 0.82488 -1.47592 -2.82400 -0.54889
-0.67678 -0.30749 0.75837 1.48867 -2.27634 1.10432 -0.88499 1.24595 -0.80790 -0.19290 1.67377 1.17891 -0.48040 0.22269 -2.39710 0.84657 -0.61196 -1.26315 0.67817 0.27379
0.79707 -0.36223 1.13113 -1.04402 0.57289 -1.08839 0.60065 -0.09516 -0.21427 -0.65035 0.71023 1.39513 -0.72854 0.64521 -0.38854 0.64050 -0.71006 0.58098 0.02100 0.98472
0.93511 0.64223 0.50042 0.10586 -0.74815 0.73535 0.90782 -1.25461 0.08031 0.09419 0.71777 -1.42139 0.47953 0.00011 1.32107 0.21757 0.07633 0.15718 1.18028 -0.91342
1.64267 0.35078 -1.62902 0.46039 -0.04868 -0.85127 -0.40738 0.14858 0.45690 1.34107 -0.16701 0.71397 1.17542 -0.34187 0.67974 0.29574 -0.22350 0.52645 0.01535 0.16314
-0.33250 -0.78204 -1.00526 0.95142 -0.16557 -0.82840 0.17379 1.42021 0.64174 -0.28742 -1.93696 -0.00650 -0.20751 0.82277 1.18753 0.45389 0.25816 -0.47798 0.50679 -0.31779
-0.63196 2.19808 -0.56275 1.09655 3.14023 0.11016 -1.33994 -0.44447 0.76297 -0.44372 -0.62145 -0.11420 -0.13224 1.70515 -0.03150 1.13018 -1.19091 -0.54774 0.58515 -1.81675
-2.30168 -0.57230 -2.86819 -1.80701 -1.47572 -1.58783 -0.89111 0.42980 0.74359 0.98804 -0.38071 -0.34730 0.51297 0.05505 -1.20223 -1.28918 -0.27990 -0.22444 0.92399 1.30570
0.32290 -1.18576 0.12361 -1.13785 -0.35819 1.94706 0.13086 1.25095 0.37180 0.17729 -0.91224 -0.72825 0.19586 0.56560 -1.09967 1.29849 0.29244 0.89813 1.69754 -2.39516
-0.86381 -0.17478 -1.89547 -1.51280 -1.53680 -0.19834 0.14519 0.24324 1.54396 0.39280 -0.07204 1.17753 1.25318 -0.49282 -1.75128 -0.43577 -1.40926 -0.72601 -0.24397 0.11316
-0.65784 -0.48961 -0.14018 0.76082 0.38969 0.60630 -1.83878 -0.28233 1.11372 -1.33975 -0.76906 -1.66117 -2.75068 -0.35678 -0.49425 -0.17702 1.45424 2.52797 2.51498 0.62732
0.17484 -0.48574 0.74689 -0.11938 -1.22458 -1.34087 -1.50722 -0.27362 1.68456 -0.25162 1.17123 0.20038 -0.52445 1.53344 0.92256 -0.47245 0.02379 -1.69022 0.20496 -0.31588
