0.39355 -0.50211 1.00853 -0.65211 -0.49556 0.06338 -1.01608 1.21436 0.03028 0.06974 0.73200 -0.17737 -0.76622 -0.79001 0.66730 0.15621 -0.90076 -0.76863 -0.52616 -0.39565
-0.55718 -0.67271 0.85287 0.87440 -0.04146 -0.25121 -1.08096 0.69103 0.27326 0.24360 -0.76213 -1.20890 0.27477 1.17004 1.85999 0.08838 -0.01734 -0.46882 -0.37590 -0.75321
0.25488 -0.73399 0.65144 -0.04425 1.73831 0.26861 -0.30870 -0.13291 0.07116 -0.70389 -0.60228 0.61200 -0.63383 -1.56197 -0.16857 0.48563 0.41031 -0.45209 -0.96354 -0.02201
-1.25720 0.91224 -1.51337 -0.38863 -2.14087 -0.72015 -0.34567 0.60229 2.35979 -0.96519 -0.09500 1.03325 -0.70350 0.07040 0.11335 0.54771 -0.53344 -0.64129 0.88403 0.23553
0.93675 -0.85797 0.04373 0.32450 -0.73411 -0.10319 -1.06613 1.03057 -0.56285 0.31959 -0.38359 -0.57327 -1.37676 -0.62636 0.66425 0.23786 -0.10653 0.41104 0.01619 -0.32939
0.83928 0.42134 -0.92628 -0.53244 -1.58227 3.30063 -0.09502 0.93069 0.73445 -0.36188 -0.68819 1.19002 -0.62842 1.78999 -0.01244 -1.95665 -0.87565 -0.52967 0.25391 -1.30927
-0.24571 -0.02668 1.28525 0.25078 -1.03229 1.12488 -0.78021 -0.67982 -0.94456 -1.21830 -0.51356 -1.46095 0.80582 -1.89894 0.33488 -0.18836 -0.57678 -0.54580 0.49805 0.02968
0.22169 -0.22960 0.68584 -0.69578 -2.04811 -0.79571 -0.51469 1.70563 0.34902 0.00929 -0.64587 -0.11219 1.17339 0.38613 0.42443 0.79456 0.31777 1.41091 0.96703 -0.60482
1.90561 -0.57857 -0.35866 -0.94539 -0.79415 -2.13098 -0.63130 -1.28597 -1.76202 -0.18727 -0.87001 1.25673 -0.77359 2.19237 0.21257 0.35782 0.78510 0.35353 0.82140 0.80807
-1.45602 -0.62902 -0.62984 -0.86181 0.61244 0.12702 1.20843 0.50762 1.64104 -2.47463 0.35136 -0.94650 -1.13207 0.01318 -0.13060 -0.83753 -0.40997 1.75933 -0.71824 -0.17206
0.74440 -0.62284 1.39662 -0.35726 -0.24025 -1.53590 -0.69158 -0.27009 1.46799 0.06793 0.96069 -0.40694 0.43410 1.48770 0.29202 -0.47368 0.06985 -1.69178 -0.05192 1.37627
0.00403 -1.47939 0.48938 0.88860 0.38388 0.88978 0.32545 -0.18972 -0.30870 -0.96662 -0.54532 -0.70731 -0.25382 -1.04876 -0.14702 -0.13607 0.31426 -0.94514 0.18610 0.55256
1.90316 3.31801 -1.06607 -1.55127 -0.74200 -3.08518 -0.16385 1.63006 -4.97538 -4.31877 0.90360 0.84874 -0.23815 -0.70955 -1.15784 -1.22360 -0.47877 2.86217 -1.75563 -0.07064
0.39276 -0.19742 0.93429 -0.41536 0.34730 -0.41981 1.27265 0.90271 -0.41734 -0.03378 -0.14724 0.79168 2.04953 -0.07148 -2.31993 3.52828 0.77301 -0.52215 1.47469 1.53465
1.47099 1.41413 -0.79543 -0.95308 -0.17143 2.16493 -0.44156 0.88008 0.56975 0.91879 0.39389 -1.06875 0.07829 1.46793 0.22088 -1.50931 -0.40703 0.47086 -1.80224 1.59775
0.27258 -0.45627 0.69541 -0.74984 1.60585 0.99710 0.06401 -0.17544 0.07323 -0.55389 -0.25914 -0.47092 1.08748 -0.70646 -0.76083 0.98877 0.94747 -0.18538 -0.90395 0.57117
-0.13442 -0.47949 0.54330 0.10569 -0.43016 -0.10739 0.20302 0.33229 0.69093 0.16713 -0.45758 -0.19352 -1.26582 -1.18514 -0.74118 0.30969 -0.29315 -0.28476 -0.88694 0.63743
0.31070 -0.29623 0.81831 0.14014 0.77901 0.36904 -0.61480 1.10708 0.45524 -1.11755 -0.33566 -0.39629 0.53857 -0.66695 -0.30494 1.03085 0.10922 -1.16314 -0.61881 -0.40374
0.58441 -0.95948 0.71517 -0.63986 -1.05443 -0.96008 -1.92398 1.80845 0.24694 1.44281 0.10038 0.22281 -0.48748 -0.16463 0.73365 -1.08847 -1.46917 -0.14972 -0.13083 -0.78987
2.19855 0.65123 -1.81417 -0.36914 0.30615 1.00313 -1.28853 -1.04204 -0.88103 -0.58399 -0.32004 0.25061 0.23468 0.77547 1.07257 0.89226 0.25571 1.60676 0.08166 -1.34117
1.35434 0.39234 -2.23502 -0.03681 0.13102 1.57933 -1.10330 0.56947 -1.24117 -0.56064 -0.29295 1.06666 -0.98949 0.60046 2.59294 0.82686 0.04437 1.34510 -0.70571 0.76969
-2.81441 -1.37983 -2.09737 -0.48749 -2.10766 -0.74876 -0.71083 -1.32159 -0.29608 0.95197 0.10852 1.06025 -0.31834 -0.06216 0.92178 1.77499 -1.89912 -0.09840 0.30956 -0.02764
-0.02307 -0.55877 0.52123 -0.22812 -0.15681 0.75601 0.03560 1.25188 -0.17205 0.28263 0.88252 -1.12672 -0.23149 0.25633 1.66577 0.27473 0.44171 0.35974 -0.33716 -0.58641
0.36832 -0.98416 1.18327 -0.61734 -0.33676 -0.67606 -1.10897 -0.11377 0.14941 -0.24079 1.22161 0.29013 -0.32023 -0.57223 0.77120 0.63959 0.24991 0.23132 -0.69286 1.28079
1.60466 -0.27652 -0.26080 -0.68642 -2.03477 0.66082 0.71513 -1.44780 -1.06766 -0.53027 -1.06101 1.54278 -0.54275 -0.25512 0.70769 -0.95252 2.15656 -0.41865 1.40247 -0.66882
-0.57134 0.44893 0.05047 0.10213 -0.58456 0.22326 0.89235 1.10736 -0.54919 0.85077 -0.55042 -0.33194 -0.85726 0.67178 -0.51715 -0.68101 -0.49402 0.05319 -0.20346 0.13539
0.73737 0.39131 0.40162 -1.51330 0.72201 1.07718 -0.20627 -0.83533 -1.19642 1.62176 0.12831 -1.75920 -0.13253 -0.56876 -0.60258 0.14400 -0.26636 0.08935 -0.72519 0.16223
0.58639 -0.98642 0.19156 0.45060 -0.73556 2.40373 -1.73330 1.35433 -0.82041 0.95529 -1.10069 -1.40003 1.44129 -0.94653 -1.12845 1.60701 -0.83676 -0.95726 -0.08920 -0.53908
-0.44826 -0.19878 0.19761 -0.57612 0.72721 0.72423 0.40307 0.86988 -0.32793 -0.31031 1.04094 -0.65567 -0.08700 -0.02038 -1.18247 -1.50898 0.47724 -0.08192 0.42230 0.45518
-0.49966 0.27778 0.91905 0.56588 -0.81825 1.00493 1.09628 0.40037 -1.24951 -0.39053 -1.17537 0.64631 0.25670 -0.58821 0.42824 1.20553 -1.71414 0.26616 0.97276 0.67315
0.45744 1.09811 0.41406 -0.93816 0.70320 0.07021 0.98121 -0.82490 0.19301 0.43382 0.24399 -0.46035 0.46935 -0.63362 -0.07526 -0.33069 0.42990 -0.17346 0.51314 -0.60830
1.63711 1.38060 0.26242 -0.87363 -0.68290 0.91436 -1.50463 -0.98289 -1.12932 -0.31854 -0.18922 1.25780 0.77278 0.67566 0.71914 0.90162 -0.65212 0.54297 -1.84530 -0.58497
1.11449 0.15019 0.05484 -0.78123 0.20128 -0.46850 0.95400 -0.25000 -0.49393 0.10718 -0.39541 0.18243 -0.06753 0.69294 0.44699 -1.61178 -0.21166 -0.09154 -1.31698 0.25652
-0.86239 -0.55605 -0.53902 -1.20730 0.92996 0.88721 0.69112 0.82193 -1.31943 -0.06681 0.17724 0.10780 -0.11902 0.28191 -0.99097 -0.28177 -1.24629 -1.46982 -0.38583 0.91808
0.68550 -0.42637 0.75818 0.14243 -0.33164 -0.54419 -0.09877 -0.00150 -0.16321 0.66528 -0.20337 -1.52713 -0.27343 1.28534 0.24193 0.93290 -0.38898 -0.80424 -1.78292 1.20545
-0.01058 0.59737 0.47376 0.08642 0.56898 -1.06182 0.60416 -0.28460 0.74794 0.63944 -1.06843 1.44881 -1.46526 -0.72742 -1.50515 -1.08979 2.15687 -0.67060 0.07559 -0.48980
-2.15576 -0.42128 0.06919 0.57880 2.05198 -0.80701 -0.05067 0.60058 0.35483 0.84094 0.00471 -0.08559 0.25985 -0.02636 0.16714 -0.82127 -1.21421 1.58634 -0.09883 -0.44495
0.82528 0.04121 0.40849 -0.12083 0.32848 -0.87728 0.12422 -0.98795 1.06205 0.22856 -0.51088 1.05299 -0.55785 -0.70850 1.19865 0.02586 0.49917 -0.26817 1.21616 0.34029
-2.12993 -0.77758 -2.97487 -1.28777 -1.39519 -1.10774 -1.24127 -0.54136 0.81076 2.14936 -0.35491 0.86751 1.76188 -0.41520 -0.11705 0.07327 -0.91290 -0.54613 -0.26646 0.43089
1.92486 -1.61642 -1.85954 1.68807 0.23373 0.29473 0.11626 0.72139 1.09636 -0.57571 0.14237 0.28277 -0.25057 -0.86937 1.81014 1.40201 1.39869 -0.39628 0.38923 2.64123
0.73188 0.90741 -1.65802 1.15385 -0.01407 -0.35635 0.16708 0.81699 0.47335 0.98655 1.16229 -0.37809 -0.24633 0.35766 0.99729 0.71646 -0.81169 1.17881 -0.66913 -0.52174
-0.34617 -0.10024 0.57209 -0.05068 -0.27981 0.22267 1.06087 0.80655 -1.00817 0.75098 -0.61794 -0.52445 1.02426 0.48918 0.83503 0.80482 0.02233 1.35754 0.00971 0.19623
-1.40636 -1.25100 -1.10512 -1.97218 1.35807 0.35716 -0.03314 -1.40440 -0.74832 -0.14616 -0.17545 -0.87465 -0.19756 1.52861 -0.05045 0.26372 -0.43225 0.27654 0.51571 -1.81103
-0.52362 -0.72052 -0.96566 -0.56297 -0.12347 -0.22719 0.60734 -0.83389 -2.41083 -0.16584 1.17295 0.11466 -0.52042 1.34003 -0.81868 -0.17639 2.91138 -2.87944 -2.69091 -1.15399
0.28349 1.10107 0.13693 -0.23097 -0.73913 -0.06239 1.06743 0.11922 -0.88022 0.04862 1.19987 -0.29880 0.19630 -0.84245 1.55565 -1.81129 -0.41191 -1.81414 3.24363 0.52305
-0.39529 -0.19796 1.05561 0.32950 -0.20439 -0.31807 -0.68116 -0.48365 -0.01206 -0.82906 -0.08712 0.21496 -1.70387 0.73408 0.69842 -0.60199 -0.45406 -0.03653 1.32822 -1.32469
0.70252 -0.95109 0.84741 0.10893 0.57322 -0.97468 -0.27824 0.00358 0.10061 -0.73656 0.93355 0.67127 -0.70939 -0.11325 -0.09617 0.34163 -0.47620 -1.06855 -1.31990 0.53957
0.73156 -0.17465 -0.14931 0.69546 0.10459 -0.14007 1.08702 -0.30262 -0.87485 -1.03523 -0.95448 0.45323 -0.34291 0.57474 0.60122 0.68059 -0.45431 0.01689 -2.32848 0.85759
-3.34873 -1.15192 -1.74376 -0.28236 -0.22912 -1.07873 -0.74520 -1.33452 -0.27864 0.72616 -0.69221 1.35445 1.38437 -0.05393 1.12675 0.25383 0.05521 0.23522 -1.35503 -0.65806
0.31051 2.20632 -1.06379 -0.06391 0.44650 0.80205 -0.48653 -0.33211 1.05312 -1.52641 0.98454 0.33814 0.98380 0.87332 1.06102 0.05016 -0.98545 0.24817 -1.96119 0.75037
-0.59170 -0.84148 -0.07915 -1.22667 0.88727 1.51922 0.43997 -0.05725 -0.49942 -0.77357 1.03910 0.34638 -0.20626 0.79575 -0.61164 0.37734 0.64177 -0.85008 0.92569 0.42319
-0.74875 1.00122 0.31623 -0.30286 -0.85172 -2.06295 1.05774 0.98290 -0.43325 0.44832 -2.07278 -2.28961 0.10859 0.67912 0.60156 0.43104 -0.73109 -1.37651 -0.36698 0.06739
1.35628 1.99732 -0.71156 -0.07537 0.02524 0.41403 -1.41338 0.02940 -1.86334 -0.64996 -0.11383 0.97172 0.70732 -0.93053 1.35563 -0.02536 -0.28458 -1.38314 1.39842 -0.51945
0.52843 0.86669 1.07627 -0.81554 0.38561 -1.65851 0.50871 -0.21271 0.45735 0.22026 -0.64304 2.71771 -2.18123 -1.49306 -1.37210 -0.47626 1.53243 0.11897 -0.66769 -0.25438
-1.00932 1.59394 -0.59537 0.56012 -0.35773 0.80663 -2.16110 3.09345 -1.22415 2.55410 2.00578 0.89659 -1.34626 1.69641 -1.68148 0.84409 3.02559 1.22941 2.38186 0.89831
-2.49367 -0.30462 -2.58944 -0.68815 -1.14389 -0.76449 -1.27168 -0.21568 0.99577 2.12902 -0.18764 1.11614 2.65852 -1.15087 0.77815 0.23627 0.53554 0.10358 -0.90567 1.24752
1.79891 0.45837 -1.05877 -0.67949 0.22122 0.23254 -0.54963 -1.33405 0.99582 0.78072 -0.59553 0.92344 0.05766 0.47698 -0.37272 1.90088 -0.89094 0.40856 1.66253 -2.02542
1.04234 1.32154 -0.45233 -0.64407 -1.30114 -0.76431 0.56277 -0.88874 -0.02414 -0.11070 -0.40225 -1.35644 0.06506 -0.20120 0.55728 -0.04242 0.95924 -1.15517 1.54411 -1.13298
-0.91693 -0.55281 1.33793 1.69581 -2.12803 0.27243 -0.49714 0.55925 -1.48438 -1.67649 -0.66826 1.17900 -0.58400 -0.03260 -1.64100 0.56364 -0.36952 -0.98549 -0.46500 0.05828
0.02594 -0.83851 -0.10793 0.16318 0.42685 1.49852 0.47717 1.41907 -0.15009 0.28284 0.42208 -0.52488 0.28080 1.21226 -0.58059 -0.61539 0.73778 -0.01639 0.38270 0.42316
-1.27892 2.70404 0.88327 0.09929 -1.60508 -0.27887 0.43506 0.36280 -0.45698 1.28709 1.40676 -3.00470 -3.00053 -1.91762 2.02829 1.79142 -0.50423 1.19594 -1.00494 0.63602
1.56055 0.89554 -1.19418 -0.44331 -0.85593 1.09174 -0.35158 -0.25318 1.40165 -0.46432 -0.35622 0.92631 -0.01720 1.46414 -1.69984 -0.91959 -1.21770 0.14431 -0.62887 -1.12457
-1.47512 -0.90247 -0.41683 -0.73634 1.17132 0.66886 -0.16707 0.06265 -0.58832 -1.51602 0.41479 -1.01834 0.46333 -1.07968 -0.26798 -0.32337 -0.03498 0.25034 0.37196 -1.17911
-2.62893 -1.35653 -0.82721 0.15814 -1.65898 -0.31542 -0.84703 -2.52601 -1.95073 -0.14904 -0.22364 1.04334 -0.61937 0.34994 1.23248 1.05503 -0.91231 -0.10161 -0.03148 -0.57776
-0.06385 -0.40436 0.73067 1.00673 -1.40875 1.80803 0.22104 -0.41026 -0.37599 -0.53510 0.03276 0.08925 -1.00536 0.01314 0.74171 -0.30681 0.11422 -0.46853 0.26740 1.00009
-1.55478 0.47258 0.04794 0.43430 -1.02516 0.93795 0.87165 0.57643 -0.25103 -0.82366 1.25844 2.75610 0.15709 -0.24613 -0.53527 -0.20856 -1.65547 0.48423 -0.25967 0.55243
0.73297 -0.51048 0.60734 -1.02920 0.12359 -1.15417 -0.46478 1.41034 -0.77971 0.69815 0.52946 -0.14610 0.43740 0.31824 -0.34043 0.01643 -0.32908 -1.03292 -0.31575 -0.95507
0.33628 -0.06481 0.68723 -0.19146 1.67699 0.22973 0.81771 -0.45735 -0.43232 -0.87471 -0.10070 0.20399 1.44510 0.24273 0.88294 -0.48609 0.55397 -0.05541 0.53654 -0.40725
0.52797 -0.05359 0.57834 0.83354 0.17498 -0.22998 0.70385 -0.93716 0.46209 1.58273 -0.59194 1.00589 -1.16813 -0.72924 0.56815 -0.88884 -0.11001 -0.64149 -0.12993 0.15426
-0.69533 0.64126 0.48148 0.00430 0.24268 -0.89239 -0.16566 2.09429 -0.31249 -1.25713 -2.76705 -0.89922 0.23054 0.84229 0.27488 -0.25924 -1.39707 -1.38292 -0.51969 0.00786
-0.68480 -0.35967 1.28909 0.60978 -0.70266 0.56925 -0.27934 -1.02389 -0.45247 -0.94199 -1.02499 -0.96974 0.80729 -0.27539 -1.15830 -0.11922 1.22470 1.07990 -1.14858 -2.60888
0.19125 0.54645 1.39853 -0.23916 0.76718 -0.31266 0.63277 -0.37294 0.28510 0.66918 -0.02283 1.56246 -0.20228 -0.59014 0.51012 -1.08047 0.93961 0.38185 -0.21626 -0.54763
0.34479 0.08308 -1.08102 -0.59734 0.50599 2.09765 0.32945 0.17439 0.67537 0.45067 0.87237 -0.00058 -0.74945 2.06446 -0.68315 -0.60179 -1.07886 -0.33253 0.59607 0.35151
-2.19516 3.01996 -0.31287 2.88331 3.46997 0.80065 -3.24084 1.86166 -0.96902 0.54167 1.35618 1.26826 1.16465 0.46084 0.55575 -1.04609 0.26426 -2.45511 0.90110 0.52018
1.50639 -1.30885 -2.37669 1.58404 -0.56285 -1.63459 0.35576 1.46148 -1.12194 -1.61747 1.52310 0.40279 -0.16707 -1.54001 0.79780 -1.83362 2.35578 0.33313 -0.35069 -0.10090
-1.11813 -0.58454 0.82574 1.87013 -1.23944 1.66531 1.17883 -2.15241 -1.46816 0.81904 0.67644 1.66421 0.58417 -0.56965 0.78655 -0.26330 -0.56590 0.19623 -0.71740 0.31274
0.66809 0.78873 -0.22448 -0.77699 -0.29720 -0.89587 -0.63907 1.04572 0.47741 -1.08811 0.06957 0.83199 -0.69453 -1.27940 -1.19280 -0.15026 -1.67219 0.62390 -0.20307 -0.81872
-0.70356 2.11911 -0.21884 -0.38218 0.33684 -0.35926 0.48804 -1.30759 0.49153 -1.81066 -1.81908 -0.07074 0.86588 -0.97694 -0.47006 0.32070 0.98648 -0.92479 -0.73356 -0.49167
-2.03525 1.54182 -0.24023 0.81386 1.25287 -1.17720 1.72299 1.39520 -0.40293 -0.60329 -3.63833 -1.54463 1.38876 1.53048 -0.34480 -0.16130 -0.19982 -1.83411 0.55849 -0.57488
0.67535 -0.67128 1.21931 0.28563 0.42856 -0.99681 0.02182 -1.04787 0.34864 -0.59481 1.16704 -0.43932 0.11830 1.83746 0.62148 -0.52286 -0.09440 -1.15526 -0.76770 0.53136
-0.16637 0.94248 -0.61104 1.83412 -0.29060 -0.75177 -0.08618 0.22888 -0.68610 2.19461 -0.97154 -0.92503 -0.35027 -0.61304 0.15527 -1.69046 -0.68312 1.54139 -1.68107 -0.19372
1.45445 0.99761 -1.01932 -1.05655 -0.72515 1.48500 1.27247 -0.58302 0.49120 -1.22126 -1.17349 0.57306 0.15416 -0.19627 2.03638 1.02245 -1.16395 -0.84162 -0.65502 -0.70575
-0.32415 -0.36119 0.40355 0.06493 -0.68483 -0.62107 -0.55198 1.17537 1.14231 0.15014 0.05985 -0.01135 -1.22644 0.02259 0.86085 0.17474 1.25908 -0.09246 -0.12371 -1.60310
0.65972 -0.37955 0.18754 -0.54110 0.20675 0.13021 0.03429 0.78347 -0.32339 -0.35828 -0.68848 -0.11016 -1.07964 -0.76363 -0.72268 -0.19297 -0.89501 -0.97175 -0.43299 1.09288
-1.26465 -0.17463 0.79576 -0.02920 1.05969 -0.61924 0.80755 -0.49869 0.15278 -0.75529 1.02670 -0.02644 -0.80190 -0.76448 -1.20256 0.12798 0.09848 0.10095 -1.14160 0.23652
0.48637 -1.16116 0.89311 -0.28752 -0.62803 1.73269 -0.95767 0.79816 0.52476 -0.01425 -0.99850 0.35376 0.78487 0.85677 -0.50347 0.51837 -0.06067 -0.68535 -0.54750 -1.60948
-0.39565 -0.50080 1.11281 1.20219 -1.37470 0.00181 -2.08535 -1.39883 -0.95376 -0.96266 -0.45114 -1.18479 0.85440 -0.77432 -1.54052 -0.13857 0.21658 0.59096 1.35008 -0.17323
0.42485 0.23851 -0.32874 -0.56739 0.87527 0.14785 1.33345 -0.08286 0.33266 2.08107 -1.66710 0.62928 0.09107 1.41685 -2.28376 1.94763 1.33300 -0.11992 2.02059 -0.10588
-1.31639 -1.18802 -1.81281 -1.91219 0.75796 0.02244 -0.64041 -0.54175 0.38080 -0.13329 -0.02196 -0.83751 -0.99464 -0.34892 -0.92538 -2.34894 -0.67253 0.20349 0.67986 0.80948
1.04643 0.51862 -0.79781 -0.98912 -0.69432 0.77661 1.02281 0.02812 -0.24050 0.37148 -1.11242 -0.81903 0.95856 0.26558 -1.17428 -0.16911 -0.16088 -0.52817 0.11427 1.15259
0.77544 -0.77684 -0.51266 -0.32999 1.06205 2.88002 1.39511 -0.02620 1.19742 0.71009 0.33750 -0.03829 -0.85164 0.27984 -0.21123 -1.97817 0.22584 -0.08523 0.29769 -0.44210
0.67311 -0.29463 -0.21367 0.74530 1.20321 -0.83050 -0.90294 -2.44544 0.02498 -0.04694 -1.72734 -0.74291 -1.29898 1.77433 -0.49177 0.04407 1.05829 0.90577 2.30838 2.50657
-1.03657 -0.55868 0.09954 -0.86205 0.00949 -0.69332 -0.64360 -0.16059 0.15823 -0.17449 -0.85389 0.42639 1.34159 -1.13215 -0.26898 0.16022 0.53492 -0.04209 -2.30341 0.59596
1.57697 -2.10756 -3.21772 2.61795 -0.29781 -0.47639 1.27929 0.50095 0.88666 -0.69486 2.51051 -0.99123 -0.71864 -1.45751 -0.68391 1.15582 -0.62807 0.46858 -0.31052 0.19133
0.06045 -0.58071 0.62618 0.15653 -0.31089 0.86279 0.74758 0.95901 0.08327 1.05799 0.45208 -0.11038 -0.13508 -0.21605 -0.04494 0.09822 -0.40855 -0.66390 -0.35423 0.22446
0.44032 1.11010 -0.63848 -1.13441 -0.55854 -0.59127 0.16761 0.69831 0.33676 -0.65953 -0.00698 0.34575 1.25936 -0.36984 -0.52397 0.18168 -0.12846 -1.63324 0.88747 0.00456
0.12930 -0.01528 0.92456 -0.60386 -0.59483 -0.17913 -0.18025 0.63653 -0.10678 0.16731 -0.06500 -0.74115 0.43040 1.13129 0.30538 -0.08354 -0.40963 -1.20391 0.44281 0.08279
-2.17415 0.51142 0.60708 0.60696 -0.85850 -0.39122 0.92179 -1.03077 -1.56137 -0.23003 0.12084 0.55164 -0.79675 0.15068 -1.64622 1.59403 0.10625 -1.31118 1.48350 0.05992
0.33654 0.10827 0.55365 0.56183 -0.41265 -1.49688 0.05960 -2.19992 -0.75117 -0.13398 -1.78225 -0.21758 0.56631 3.48613 -0.16082 -0.91631 -0.43931 -0.12499 0.66574 4.00050
-2.39411 -0.04007 -1.45277 -0.91376 -0.65312 -0.80983 -1.35281 -1.17620 0.44174 0.07713 -1.04537 0.35281 0.71566 -1.04907 0.53388 0.00209 0.44023 -0.90576 -0.98196 0.34620
0.50666 0.96501 0.53439 0.37821 -0.17600 -0.03670 0.96703 -0.98094 0.77445 2.21788 -0.88753 1.06921 0.26371 -0.64176 -1.40200 -0.69443 1.15609 -0.01201 0.12611 -1.02730
1.58118 0.42127 -0.43778 0.49755 -1.28267 2.19383 0.28961 -1.27526 0.94097 -0.68435 -0.06502 0.49075 1.08415 0.51154 -1.30532 -0.75670 0.01157 1.03470 -2.00597 1.29386
-0.19147 1.59135 -1.20682 0.73706 -0.44433 1.51415 -0.79283 1.01863 -2.32735 2.88930 0.69867 0.15109 -1.91119 -0.41031 1.39246 0.28559 1.99069 -0.44790 0.99171 -0.66160
-1.33966 0.41060 0.49618 0.17672 0.14563 -0.10958 0.44914 -0.67733 0.24010 -0.15783 -0.73450 0.00213 2.88130 -1.00562 0.06710 0.02294 2.60002 1.38585 -0.59294 -0.28064
-0.01219 -0.86752 -0.56753 -1.71716 1.14349 0.32123 -0.92661 -0.62869 -0.44536 0.07823 0.01336 -0.35478 -0.24216 -1.37785 0.74527 -1.04090 -0.09944 0.11823 0.07454 0.83573
-0.90101 -0.86938 -0.40196 0.02436 0.51983 0.85168 0.39689 0.18987 1.33007 -0.82232 -0.38803 -0.45377 1.02502 -0.02257 0.16307 -0.55493 2.30786 2.68308 -0.84809 2.15424
-1.55007 -1.37178 -1.81071 -2.20765 2.05833 0.42060 -1.11654 -1.82981 -1.49855 -0.71197 0.11649 -0.41751 -0.96717 -0.36997 1.30800 -0.27865 -0.35045 0.35663 0.51114 -0.29103
-0.83294 -0.37525 0.76030 0.14147 -0.17617 -0.03739 -0.61396 1.34191 0.72475 1.02130 0.09388 0.24395 -1.17267 -0.73498 -0.63223 -0.48284 0.56164 0.94558 -1.46380 -2.22739
0.27420 -0.88003 1.12704 -0.54177 -0.58500 -1.01434 -0.62740 0.40272 0.24308 -0.55433 1.42928 0.42232 -0.03922 0.35872 0.22971 0.39563 -0.41439 -1.32382 -0.58335 -0.38324
0.82541 0.29819 -0.62564 0.42842 -0.33790 0.01259 -1.04799 -1.04492 1.03345 -0.88015 0.13564 -1.19978 -1.26034 -0.01322 -3.60282 -0.02798 -0.57496 1.09803 0.93850 0.01183
-1.00202 0.04943 0.67603 1.82013 -1.24622 1.11439 0.57507 -0.31955 -1.80946 -0.05980 1.89638 2.71473 0.01125 0.54688 -0.34644 -0.10856 -0.62055 0.67166 -1.07391 0.41239
0.32546 -0.12846 1.32117 0.03595 -0.17356 -1.65468 -1.16598 -0.64512 0.78466 -0.14666 0.55314 0.14957 1.11785 1.47949 0.35617 -0.91203 0.17164 -0.19725 0.22311 1.72270
0.33079 0.99530 0.63604 1.23305 0.09650 0.54445 -1.71440 -0.54215 2.44209 -0.67709 1.08929 1.43494 3.09173 -1.43158 -2.30445 0.34140 -1.37045 -0.84950 -1.80977 -0.05466
0.07333 -0.65437 0.99991 -0.52163 -0.14342 -0.23007 -0.34857 1.00574 0.44278 0.38626 0.00202 -0.60652 -0.04055 1.15553 -0.80403 0.85082 -1.15387 -0.41314 -1.22353 -0.94571
-0.75276 -0.26537 -1.25482 0.15307 -1.08148 -0.15568 1.57483 -0.24110 -1.79857 0.90675 1.81187 -0.30532 -0.27478 1.44736 -2.16852 -0.25281 3.52329 -3.51220 -2.06030 -0.29093
-0.36156 0.92577 0.41397 1.34920 0.59524 -0.51534 1.31878 -1.56493 -0.08502 2.63979 -0.66828 -0.73329 1.75180 -0.42615 0.43321 -0.46992 -0.84270 1.61492 -0.50455 0.10347
-0.65945 -1.35949 -0.83674 -1.99017 1.76101 0.48268 -0.75097 -1.51480 -0.97258 -0.83054 0.21569 -1.66249 -0.34019 0.29881 0.30433 -0.43644 0.12141 -1.11668 -0.06160 -0.96687
0.13540 -0.00068 1.36112 -0.68441 -0.41375 -1.11488 0.78966 0.27170 1.20244 0.13958 0.45267 0.83211 0.33377 -1.85922 2.44275 0.13544 -1.03671 1.13484 1.60208 -0.80240
-1.12101 3.67189 0.69761 0.31423 -0.48903 0.27758 0.73604 -1.71320 0.46052 0.06938 1.46453 -2.84167 -2.34062 -1.40145 1.26737 1.60172 -0.06322 0.48515 -0.13048 0.02872
0.49915 1.23620 -0.97692 -0.45953 0.19057 0.50357 -0.07391 -0.99739 0.78707 -1.01660 -0.01702 0.11648 0.05805 0.61145 0.15783 0.97524 -0.82530 -0.26249 0.54126 -0.52927
0.42261 -0.35521 0.27631 -0.64908 0.23282 2.39889 0.47534 1.03377 -0.34296 -0.30935 -0.51225 -0.18311 1.09460 0.88033 0.63523 -0.60851 -0.02521 -0.57933 -0.40652 -0.03020
0.50014 1.26924 -0.23113 -0.32847 -0.31793 0.77988 0.81605 -0.04475 0.65526 -1.45527 -1.06230 -0.21331 1.19710 -0.41073 2.00717 1.01669 2.52048 -0.65982 -1.00205 0.66287
0.63008 -0.41721 -0.21558 -0.33474 -0.34774 0.10705 0.32209 0.68472 -0.27677 0.27579 -0.13186 0.55396 -0.59707 1.11917 0.71568 1.57715 -0.81179 1.76175 0.05238 0.73916
-0.86033 0.14010 0.81861 -0.35398 0.15497 -0.63611 1.52860 -0.98242 -0.35849 -0.17691 1.23328 0.74649 1.11628 -0.95420 0.53285 0.32691 0.27285 -0.43850 2.06990 -0.07157
-0.26250 -0.84065 0.40525 -1.03924 0.74123 -0.97775 -0.50772 -1.11214 0.93140 -0.58186 0.79305 -0.05232 0.12864 0.12786 -0.85109 -0.63575 0.27730 0.39619 -1.05244 1.45395
2.06801 -1.46571 -2.13541 2.98123 0.91801 -0.31468 -0.12398 -1.31080 0.13758 -0.96095 0.62363 -1.70309 -0.13464 -2.61110 0.66399 0.62274 -0.05611 -2.49942 0.92426 2.24144
-0.85861 -0.78053 0.51685 0.99244 1.41582 0.55361 1.10024 0.87806 1.71619 -1.73082 1.28332 0.23763 0.76637 1.52453 -0.16406 -0.58691 1.40872 2.43180 -0.56225 1.99709
0.30659 -0.46494 1.46020 -0.42416 -0.22993 -0.24577 -1.44378 1.34480 0.93011 0.70279 -0.63348 -0.30822 -0.92555 -1.49279 0.04750 -0.58041 0.24398 -0.54933 -0.90600 0.13194
0.31821 -1.21939 0.31490 -0.60654 0.01370 -0.21342 0.52505 1.08494 -0.62892 0.67755 0.29991 -1.39432 0.63065 1.84802 0.26216 1.36876 0.45358 0.72569 0.44938 -0.81990
-0.19858 0.92020 0.50750 0.35954 -1.72853 0.60042 0.17976 0.58459 -0.74931 -0.54768 -1.07737 -0.19751 1.58679 -0.15724 1.48447 -2.30775 -0.12576 0.00801 1.96705 -1.08444
1.00389 -1.14865 0.68387 -0.35881 0.01886 -0.40521 -0.25457 -0.45043 -0.47011 -1.09755 0.25949 0.00028 -0.19792 0.40957 0.26924 -0.32614 -1.02755 -0.95322 -0.31443 -1.26534
1.93366 -0.68280 -0.98187 -0.90732 0.17232 -0.95183 -0.15354 -0.38177 0.82066 1.03213 0.09921 1.05429 0.89816 -0.45092 -0.82351 1.89717 -0.90443 1.67688 1.94513 -1.25359
0.78250 0.03574 0.52926 -0.89384 0.90658 0.14425 0.42318 0.86002 -0.46102 0.65423 -1.03255 0.23306 -0.10203 -0.48095 0.76135 -1.45692 -0.70881 0.41457 -0.16119 1.52436
-0.16920 -0.57732 -2.07283 3.05085 0.55148 -2.52160 1.97838 2.06801 0.04074 0.60280 -0.45179 -1.78256 0.25252 0.39221 -1.60735 -0.95504 -1.55098 0.59614 0.52401 -0.80058
-0.15751 -0.05798 0.46012 0.45392 -1.36877 -1.43873 -1.24687 0.54428 0.49017 0.24087 -0.21238 0.91089 -0.87923 1.22357 1.58290 -1.87717 0.00274 -0.61054 0.21018 -0.46051
1.22136 1.67402 0.21113 -1.19140 -0.20765 -0.36372 1.13136 -1.18114 1.68586 0.28492 0.77474 -0.98294 -0.00293 0.31112 0.36004 1.45739 0.34055 -0.17363 0.45581 -0.22018
0.63488 -0.17359 0.64279 -0.25974 0.80093 0.00558 -0.09190 1.09888 -0.12289 1.68574 -0.12439 -0.22952 -0.86482 -1.11207 -0.29752 0.86866 -1.13786 -0.73732 -1.20279 1.23306
0.11223 -0.43194 0.31924 -1.47544 0.57773 0.29234 0.38274 1.19336 -0.34493 0.46707 -1.00837 -0.08301 -0.75311 -1.20223 -0.79207 1.57531 -0.47767 0.96931 1.75505 0.94389
-0.52792 1.70088 0.01216 2.19689 3.70727 0.50116 -1.77836 0.17535 0.24287 -1.02865 -1.38679 0.55772 -0.58620 0.88669 1.51446 0.09942 -1.26486 -1.72311 -0.06478 0.21423
0.01382 -0.35250 0.72505 -0.38187 0.41904 1.05666 0.35953 1.33673 0.34128 -0.00340 -0.13456 -0.08349 1.50166 0.01382 0.48665 2.19644 0.59169 0.44193 0.13775 0.30940
0.26341 -0.42566 1.45539 0.83638 0.13823 0.84256 -2.32088 0.44514 0.19103 0.19864 -0.38365 -1.14087 0.87999 -0.57090 -0.58424 -0.76081 1.67127 0.84667 -0.64029 0.85310
-0.37669 -0.73466 0.29170 -1.61999 1.85819 -0.64728 0.92902 -0.24322 -0.19676 -0.20656 1.07648 -0.36119 -0.07307 0.48979 -0.40594 -0.63850 0.63097 1.01127 -0.47457 -1.42263
-1.14766 0.31221 0.03990 -0.67575 0.85754 0.39352 1.57420 0.41163 0.59447 0.35254 0.29998 -0.07261 1.14627 -0.39905 -0.07045 -1.57776 1.50364 2.38912 -0.10635 -0.79440
0.57543 0.56239 0.56650 0.02608 0.73031 -1.17717 -1.02211 0.37813 1.04400 -1.27485 1.66608 0.24146 -0.91286 -1.09960 0.09934 0.97931 -0.97028 0.54191 -0.16120 -0.08120
-0.07358 0.84544 -0.00890 0.17155 0.34267 0.11482 1.25454 -0.85331 2.30754 -1.39739 -0.63029 0.35664 0.20474 -0.54558 -0.04686 0.15748 -0.59356 -0.37808 1.18467 -1.37595
0.24560 0.01390 1.21199 -0.66866 -0.11942 -0.54879 1.37522 -0.25411 -0.38830 0.89412 1.80232 0.28668 1.19173 -0.25331 0.48937 -0.75087 -1.31535 -0.15302 1.72831 0.20109
1.03846 -0.59681 1.37297 0.00115 0.79731 -0.60502 -1.04071 0.29763 0.55458 0.05086 -0.23625 0.51726 -0.40274 0.31878 -1.05601 0.30334 -0.04322 -0.21289 0.21304 0.10887
-0.06024 0.57622 1.47056 -1.15074 0.82116 -0.39948 1.32436 -0.26114 -1.05715 -0.10418 1.87002 0.57285 0.77288 -0.66130 0.65364 -1.28377 -0.99336 -0.51162 2.15340 0.35351
-0.52062 -2.01301 0.41655 -0.13285 0.18037 0.26877 0.64253 1.17248 -0.24074 -0.92601 0.04117 -0.69168 -0.55747 -0.12258 0.27808 1.88012 -0.51184 1.04843 -0.83954 -1.30967
-1.97274 1.63169 -0.38620 1.50808 2.52483 -0.01186 -0.43238 1.27034 1.15958 -0.16052 -0.85010 0.93768 -0.67972 1.93732 0.81844 1.81624 0.83746 0.22522 0.53755 -1.39834
-1.59997 1.08378 1.04422 0.50641 -1.27403 0.46405 1.54617 0.67923 -0.56997 -0.56224 0.55804 -0.37644 0.11479 0.54373 -1.88694 -1.09767 0.65242 -0.49251 2.13125 0.53515
1.28689 -1.62017 -2.46512 2.94508 0.79161 -1.18025 1.36776 -1.35239 -0.62917 1.49641 0.30877 -1.31082 -0.58614 0.40438 -1.55084 -0.36857 -1.79296 0.82773 0.71944 -2.76534
0.02282 0.08619 0.05628 0.58666 -1.51618 1.65846 0.56369 -1.45373 1.45103 -0.04398 0.14587 0.15672 -0.47120 0.09008 1.76184 -0.65524 1.51887 -0.09815 -0.01036 -1.96125
0.28970 -0.71218 1.23561 0.85583 0.01364 0.95963 0.08636 -0.06452 -0.81678 -0.69397 -0.61281 0.00181 -0.59717 0.39233 0.37694 -0.48433 0.72512 1.92063 0.03729 0.28294
-1.65572 0.24686 -0.77511 0.65322 -0.30287 -0.47152 0.70982 1.27649 1.40864 -0.47234 0.15208 0.08677 1.15243 -1.81467 -0.76863 1.31665 0.14452 1.80307 -0.40915 0.96456
0.06132 -0.59295 0.65205 -0.26353 0.10509 -0.44554 0.47543 0.43841 0.01515 -0.02439 1.32922 0.00858 0.43954 0.60019 0.84372 -1.82285 1.34017 -0.12276 0.45199 -0.91630
-0.91380 -0.31154 0.19863 0.27511 0.27032 1.03889 -0.12852 -0.33601 -0.77247 -0.26495 0.99807 0.33971 -0.23213 -0.41914 0.42997 -0.43549 -0.53579 1.15295 -0.52040 -0.23553
-0.64613 -0.76483 0.25011 -0.18060 -1.10670 -0.30426 -0.69394 0.68232 0.23952 -0.15480 -0.53222 1.22523 -0.00975 -1.15546 1.40484 0.41280 0.99462 0.22467 -0.14009 0.24505
-1.63550 0.17423 -0.58773 0.04231 -0.42553 0.45483 1.08766 0.63195 1.44480 -2.35282 1.03316 0.36450 -1.88679 0.28753 -1.44209 -0.19312 -1.01794 0.18585 0.63075 -0.51804
0.10698 0.39661 -0.46731 0.93221 0.23517 -0.20514 0.54849 0.80504 -1.27704 0.19375 -2.35269 0.25613 -1.84163 -0.84348 0.34603 -0.50436 -0.13716 -1.22559 -0.91466 0.07892
-0.42160 0.53627 0.83439 0.00010 1.35106 0.56138 1.63167 0.59190 -0.22707 0.49780 0.58769 -0.22622 1.11512 -0.77001 -0.10807 -1.88692 0.95932 1.66067 0.35657 -0.61632
-1.49190 0.44615 0.87205 1.25482 -1.43861 0.51639 1.35637 -0.41977 -0.60081 0.62000 -0.44063 1.23255 -0.61484 0.53512 0.46588 0.11200 -1.13657 0.76966 -0.53530 1.49381
-0.02402 0.44319 0.77479 -0.72431 1.11527 0.52181 0.61058 0.77918 -0.19609 0.08395 0.31475 0.13711 0.23340 0.32134 -0.09534 -1.72731 0.70029 1.39346 0.53380 -1.25254
0.73731 -0.43756 0.24625 0.54060 1.99236 -0.21963 1.43541 -0.72196 0.04582 1.15013 -2.22628 2.32302 -2.41905 -1.86433 -0.85013 0.11387 -0.00223 -0.29626 0.24391 0.88202
1.02702 -0.48332 -1.81637 1.23154 -0.59246 -2.46662 1.36711 2.47286 0.30820 -0.94343 0.09679 -1.54882 0.91986 1.67337 0.57849 -1.14120 -1.14001 -0.34987 0.30691 -0.52825
0.94932 1.11898 -0.84888 -1.03122 -0.65657 -0.31454 0.78106 0.59398 1.85742 -1.52713 -0.80014 0.04333 1.31047 -0.82773 0.29183 -0.53829 2.03416 -1.04674 -0.08054 0.28301
0.80717 -1.15236 0.79907 -0.39806 0.90897 0.58958 0.43106 0.60300 -1.10497 -0.13510 0.23079 -0.47703 0.75480 0.29041 -0.28290 0.28566 -0.83137 1.34124 -0.31384 -0.81769
-1.79792 -0.39711 -1.16440 -0.31617 1.31593 -0.41216 0.48249 0.59382 0.82154 -1.49360 0.05985 0.19755 -0.43665 -0.56036 0.58396 -0.23061 0.41827 0.85782 0.14937 0.27274
-0.38856 -1.31870 -0.59235 0.65841 -0.06223 0.43529 0.65766 1.43150 -0.18017 -0.62643 -1.49514 -1.23830 0.49722 0.45610 -0.00286 0.18177 0.58574 -0.98018 0.77545 0.43007
1.58773 -0.99938 -2.13162 1.95395 -0.90286 0.30590 2.41253 -0.49135 -0.35403 -1.10337 1.14309 -0.78405 -0.68066 -1.00270 0.51197 -0.27938 1.42181 -2.42604 -1.38148 -0.42182
-0.22717 -0.35500 -0.85658 -0.22499 -1.08620 0.35781 -0.03664 1.19927 0.62950 0.19476 0.06192 -0.37259 1.53024 -0.37184 1.66125 0.51481 2.26831 0.47715 1.08398 1.82233
-0.20540 -0.57484 -0.20333 -1.45045 0.38391 0.39721 -0.02775 -0.91342 -1.01204 0.28851 -1.59823 -0.37470 0.60902 0.33241 -0.26631 0.57112 -0.76330 0.15703 -0.92716 -0.76544
0.47711 -0.19550 1.09949 0.37052 1.08369 0.12846 0.35532 -0.16702 -0.21003 0.31895 -1.16669 0.86368 -1.22634 -0.61022 0.72926 -0.26967 -0.73066 -0.07791 -0.87978 0.27237
-0.17733 -0.62325 1.03500 0.03229 -0.56756 -1.38978 -0.90284 0.50884 1.13146 0.16664 0.23534 0.03148 -0.61188 0.84663 1.15689 -0.59302 0.34509 -0.01363 0.16479 -0.66272
-0.75483 0.20692 0.66140 0.16977 -0.49278 -1.32248 0.61693 -0.00305 2.04128 -1.92847 0.40433 0.21724 -0.34779 0.54925 0.44977 1.06459 0.93008 -0.21677 -0.63000 -0.81250
-0.55931 -1.40599 -1.43833 -2.85408 1.52475 -0.36290 -1.49975 -1.53550 -1.57420 0.17096 0.70614 -0.80539 -0.79310 -0.64293 0.51011 -1.60769 0.23155 0.23342 0.54427 0.08981
-0.08036 -0.77109 0.67026 -0.36804 0.48073 0.67672 0.53330 0.50550 -0.77470 0.88066 1.45941 0.39492 1.31246 0.04002 0.74534 -0.20167 0.20145 0.74892 0.37634 -0.47761
0.30115 -0.64976 0.22912 0.01858 0.80184 0.23166 0.01068 1.25046 -0.05218 1.41394 0.16919 -0.58851 -1.30571 -1.21980 -0.51629 0.74645 -1.47992 -0.86989 -0.67290 1.84862
1.23646 -1.11043 -1.88911 2.87711 1.74258 0.03753 0.79683 -1.98409 0.69642 -0.95831 0.64750 -0.62583 1.21489 0.19192 0.51743 0.94536 -0.80584 -0.15495 0.13675 -1.94424
0.38525 -0.40455 -0.70425 -1.31193 0.68737 1.64871 1.20862 0.91878 0.45518 1.87857 -0.23278 0.57268 -0.70210 -1.36444 -0.95126 -1.60708 -0.51241 0.00581 0.94299 1.11735
0.72594 -0.00139 0.30961 0.20858 0.49542 0.01979 0.22746 -0.50218 0.84940 2.31740 0.19030 -1.01332 2.59281 -1.08979 -1.16302 0.20885 -0.68043 0.73887 -0.72867 0.12723
0.44309 0.14301 1.35793 -0.53336 1.16762 -0.36316 1.05295 -0.26952 -0.82224 0.37037 0.83340 -0.38553 0.23768 0.09424 0.89945 -0.35150 -1.73366 0.69677 0.59347 1.32871
0.10629 -0.86659 -0.53193 -1.26716 0.99263 1.24111 -0.00749 -0.19833 -1.09148 0.25546 0.78983 -0.41791 -0.04591 -1.81167 -0.63157 -1.61628 -0.30618 -1.46535 -0.37241 1.20373
1.50928 3.17404 -1.18385 -0.80668 -0.28498 -1.26451 -1.51774 0.90473 -2.57739 -1.26129 1.13912 -0.79044 0.95380 -0.41477 -1.55438 0.08228 -0.43724 1.96990 0.19413 -0.11850
1.39320 -0.49183 -1.77306 1.08958 -0.20506 -1.96652 0.35414 0.41475 -0.34432 1.48568 0.75195 0.95601 -0.18323 0.65804 0.90694 -0.31719 0.89253 1.89426 -0.69130 -0.93565
-0.04026 -0.81497 0.95403 0.43554 -1.04724 -0.95249 -0.49783 -0.28686 1.03563 -0.85706 1.35383 0.00003 0.77758 1.40984 0.28619 -0.57047 -0.14993 -0.28086 -0.33257 -1.09859
0.20430 0.14334 1.15538 0.05630 -0.11349 -0.23172 -0.53686 -0.22067 0.26926 0.36958 -1.58287 -0.65656 0.11957 1.08895 -0.33424 -0.97971 0.86505 -0.08704 -2.36605 -0.13073
-0.41919 -1.10287 -0.33496 -2.00513 0.60180 1.20050 -0.77988 -1.35192 -0.60690 0.39812 -0.25278 -1.22829 -0.77956 -0.55462 0.17742 1.75050 0.77166 -0.19302 0.22585 -0.86110
0.38480 -0.91474 0.74348 -0.67834 -0.02078 0.56077 0.24715 1.13425 -0.65515 0.98563 0.18186 -0.39022 0.09944 0.42997 0.03540 1.11969 -1.19444 -0.11780 -0.49953 -0.13546
0.28719 -0.80729 -0.18851 0.87338 0.03458 1.24427 -1.21851 1.04157 -0.68174 -0.80129 0.08502 -0.56026 0.07702 -0.56202 0.21525 0.84469 0.75300 -1.57087 0.35086 2.15289
-0.48780 0.57585 -0.45902 0.96476 0.78307 -0.53487 -0.08860 0.18327 -0.42873 1.84797 1.74735 0.73965 -0.46416 0.17748 -0.09899 1.40739 2.38379 0.04436 -1.14924 -1.30201
-0.24523 -1.01773 0.77707 2.37505 -1.37945 0.51369 -1.35673 -1.57348 -1.01643 -0.57556 -1.88655 -1.36942 1.89878 0.13701 -0.37668 -2.05711 -0.10396 1.06208 0.92799 -1.03200
0.04392 0.44818 0.62454 0.64832 0.31032 -0.03913 -0.84186 -1.39882 0.59552 0.47960 1.11878 -0.13344 1.02248 0.72182 -1.07232 -0.04381 -0.01634 -0.37642 0.68327 -1.24391
-0.70872 2.64317 -1.06964 1.25694 3.23117 0.72480 -3.03797 0.88213 -0.23426 -0.02279 0.39072 1.57558 0.23299 0.53023 0.43977 0.26977 0.32655 -1.08464 -0.40573 -0.33884
0.71287 -0.14470 -0.33092 0.58374 0.39538 -0.46314 2.44611 -0.26270 -0.50777 0.87999 -2.82925 2.74746 -2.77449 -0.09968 -0.70131 0.41156 1.28493 0.70642 -0.80901 0.07138
-1.23517 0.46291 0.01218 1.56397 0.82194 0.25329 0.70553 -0.54005 -0.16252 -0.31020 2.28877 1.53821 -0.42800 0.98232 -1.13602 0.15276 -2.54080 -0.17739 1.00629 0.18069
-0.52782 -0.14466 0.24396 -0.43242 0.03716 -0.28056 1.82050 1.09467 -0.42891 -0.17994 -0.11144 -0.68075 0.39759 0.67031 -0.50262 2.60389 -0.03530 0.41208 -0.01243 -0.80382
0.70871 0.44267 0.13510 -1.09449 0.15670 -2.21489 -0.64934 -1.39718 -0.77709 0.12789 -0.49939 1.73169 -0.07903 3.44705 -0.46388 2.13366 1.16416 1.22421 0.33757 2.74026
-0.30337 0.79794 -0.76161 -0.84811 -1.27537 2.27656 1.90820 -1.20290 2.32982 -0.61889 -0.69850 0.79468 -1.62980 0.64119 1.49574 0.96063 -0.74612 1.06126 -0.78425 0.95772
0.74929 -0.32913 0.48980 -0.48617 -0.73809 -0.49449 -0.37560 1.51360 0.48354 0.96707 -1.21511 0.52939 0.03019 0.21674 0.59546 -0.14523 -0.15972 0.25429 0.18016 -0.45379
-0.22435 0.11402 0.71484 -0.20550 -0.15130 -0.50223 1.36175 -0.49653 -0.21109 0.18374 1.56491 0.15425 0.97935 -0.46371 0.49695 -0.65051 -0.35921 -1.52980 2.16935 0.33157
0.01872 -1.28518 1.49713 1.56649 -0.75115 0.39756 -2.38883 -1.19027 0.01440 -1.25369 -0.30598 -0.62922 -0.15099 0.38798 -0.93181 -0.48076 -0.86091 1.49171 -0.15493 0.16013
1.13126 -0.06330 0.19223 1.94556 0.57632 -0.51121 -1.75298 -2.63524 0.60730 -0.03710 -0.48463 -1.93297 0.66644 -0.26587 -1.19102 -0.23240 1.60238 0.57380 1.84353 1.53929
-0.17716 -0.89334 0.27945 0.99617 -1.64567 1.27392 -2.60909 0.83058 0.64157 -1.00986 -1.75715 -0.42676 -1.24502 -0.96509 -1.21389 0.21394 1.09565 1.43459 1.70656 0.11089
1.26186 -0.03526 -0.17187 0.07427 0.44589 0.03442 -1.36660 -0.97248 -0.99134 0.93712 -1.08610 1.02973 0.78212 -0.61417 -1.22842 0.04667 -1.80903 -0.45483 -0.19432 -2.35123
-1.38259 1.42195 0.91287 -0.58423 0.44153 -0.75053 0.73814 -0.79504 0.89910 -1.67125 -0.29203 -0.03760 -0.18670 -1.82541 -0.46877 0.70158 -0.61942 -0.36812 -0.95219 -0.35590
2.18399 0.19662 0.11671 -1.32274 0.22580 -0.93662 -0.55431 0.93352 -0.44900 1.10176 0.66748 0.77360 2.26251 -2.16757 0.26180 0.94190 0.28871 -0.22079 0.58417 -0.07928
0.31371 -0.22871 0.42823 -0.84032 0.78975 -1.09541 0.42049 0.55067 -0.29317 -0.29008 -1.13171 -0.16424 -0.82942 -0.27871 1.02330 -0.78182 -1.97593 -0.76023 0.57990 1.56859
0.43022 -0.54105 1.39890 -0.10432 0.11059 -1.21552 -0.75439 0.03375 1.97616 1.40914 -0.07526 0.46003 -1.43842 -0.64507 -0.19186 -1.29645 1.39313 -0.49758 0.27890 -0.47088
1.16635 2.18431 -0.43177 -0.41140 -0.98455 1.61220 -0.68761 -0.48920 2.55663 0.96569 1.60251 -1.02475 -0.51252 1.25042 -1.61697 -1.61012 -1.19623 0.61314 -1.66034 1.83362
0.83126 0.64640 -0.44023 -0.61835 -1.13460 -0.27861 -0.37179 0.23508 -0.69380 -1.39314 -2.07890 0.98042 -0.12184 -1.79194 -2.39231 -1.13402 0.81606 -0.04675 -0.17489 -1.49384
-0.51074 2.58249 -1.30649 -1.42090 -0.95961 1.06204 -0.29780 -1.13920 1.73996 0.40004 0.67557 -0.25873 -1.05780 1.13655 -0.78337 -0.39227 -0.28940 -1.08404 0.86143 0.08547
0.02214 2.40231 1.18142 -0.15329 -0.83103 0.28602 0.28110 -2.03682 -0.18811 1.89874 1.40264 -3.51536 -0.48106 0.21418 0.30174 1.38597 0.89317 -0.37980 -1.56833 -0.41782
0.73071 -0.33614 0.12165 1.22677 0.41569 0.50199 -0.71167 -0.17471 -0.82899 0.59226 0.83283 1.96245 1.62265 -2.07238 1.09233 1.20071 0.08979 0.11006 -0.57657 0.20048
-0.86788 1.71653 0.17328 -0.15457 -1.01466 -1.56510 -1.23108 -0.49003 -0.89052 -0.43812 0.55390 -3.60001 -1.66255 -1.61252 -0.91477 0.83726 0.61558 0.89400 0.69560 0.93740
-0.34390 0.20678 1.16388 0.61935 -0.49645 0.63361 1.66649 -0.06908 -1.40990 -1.48695 0.39319 1.10945 1.53324 -0.08508 0.20839 0.81541 -0.52750 1.08853 1.71931 1.29591
0.60249 -0.65028 1.18683 -0.43138 0.43526 -1.03042 -0.53794 -0.48361 1.01756 0.94385 0.60631 1.12459 -1.05263 -0.54744 -1.74390 0.89348 0.22273 0.00131 -0.37439 -0.53512
-0.22093 -0.84367 1.29507 -0.00578 0.57734 -0.13156 0.64629 -0.74761 -0.58960 0.06462 1.13081 -0.15029 0.63232 1.50583 -0.02041 2.22074 -0.79388 0.14532 -1.16502 0.31584
0.09348 0.34264 0.52935 0.32427 -0.35931 -0.22412 -0.39478 0.16530 0.91292 -0.43912 0.67740 -0.00328 0.50266 0.21779 1.75367 -1.31389 -0.03326 -0.44779 0.71847 -0.80958
-0.35545 -0.32962 0.53362 -0.10695 0.14949 -0.57658 -0.12586 -0.40686 0.44851 -0.63013 0.47857 0.71428 -0.36531 -0.19187 -0.08156 0.00027 0.35358 -0.45676 0.83345 -0.65359
-0.09069 -0.43803 1.38762 1.91651 -0.38482 1.02970 -0.41944 -2.00539 -1.12686 1.14171 0.40365 1.75471 -0.46566 0.22505 0.60569 -1.24204 -1.23729 1.38721 0.13183 0.41063
-0.73475 1.59877 -0.20128 1.45883 0.02633 -0.85728 1.02114 -0.58379 -0.38421 2.15901 -3.06009 -1.13825 0.91630 -0.72874 0.22277 -1.85755 -1.56954 0.00216 -1.38767 0.54258
0.16884 -0.77295 0.97228 0.15227 -0.37356 -1.37866 -0.30632 -0.18253 1.77206 1.16414 0.75132 -0.74414 -0.34142 0.27746 1.23431 -0.53586 0.21195 -0.48498 0.21861 -0.64605
-0.12868 -0.38691 0.26972 0.20621 -0.06611 -0.87633 0.83641 -0.00685 -1.40655 -0.07887 0.81555 0.02994 0.09696 2.68230 -0.04985 0.01264 0.54026 -0.21401 -2.10809 -0.04572
-0.84877 -0.48260 0.46459 1.35826 -2.88779 1.30003 -0.40403 0.59045 -0.47518 -0.15971 1.60414 0.42123 -0.56449 -0.15623 -2.62326 0.69982 -0.19011 -1.68117 0.82446 -0.44587
0.55378 -0.41383 1.06939 -0.66099 0.76063 -1.53159 0.14930 -0.41230 0.68552 -0.57853 0.80593 0.57129 -0.39770 0.68956 -0.47392 0.43350 -0.62476 -0.95263 0.33328 0.61063
0.55355 0.95902 0.42137 -0.01883 -1.32257 0.87071 0.97805 -1.09085 -0.23547 0.84775 0.29092 -2.01081 -0.30683 -0.16396 0.56267 0.62836 0.24494 0.05641 0.35045 -0.96415
1.60573 0.44610 -1.92273 0.42230 0.05111 -0.91847 -0.49883 -0.09934 0.64784 1.67087 0.39626 0.58297 1.93517 -0.15609 -0.26039 -0.07052 -0.15336 0.09203 0.35734 0.23522
-0.40133 -0.33320 -1.05833 0.66678 -0.25782 -0.27304 0.17566 1.39396 0.96545 -0.29360 -1.71088 0.19388 -0.64974 0.53267 1.45445 0.54698 -0.27635 -0.30417 0.88853 0.11914
-0.36224 2.03013 -0.49355 0.97338 2.98351 0.21746 -1.10837 -0.29379 0.67899 -0.50553 -0.31244 -0.49869 -1.04370 1.01280 -0.05253 1.32126 0.21711 -0.02296 0.72643 -1.55553
-2.11939 -0.46628 -3.08001 -1.52488 -1.73294 -1.23255 -0.58035 0.29181 0.04918 0.71815 0.06431 -0.55742 0.15215 0.32586 -0.96173 -1.26103 -0.44020 0.82733 0.16133 1.87028
0.13852 -1.40891 -0.50336 -1.03638 -0.15507 1.94792 -0.09037 1.59335 0.33263 -0.31103 -1.06553 -0.62759 -0.01263 1.49617 0.02968 1.21642 0.25064 0.70028 1.37457 -1.01264
-1.06182 -0.18094 -1.78497 -1.49108 -1.38880 -0.01928 -0.49876 0.36689 1.95109 0.52617 0.28981 0.69963 0.76463 -0.36623 -1.63200 -0.61139 -1.09657 -1.51638 0.02561 0.44675
-0.54632 -0.78413 -0.01322 0.76082 0.26510 0.57446 -1.97437 -0.30345 0.71033 -1.19999 -0.56455 -1.06499 -2.40202 0.01874 0.00283 -0.66672 0.61298 2.26715 1.53639 0.72549
0.46392 -0.60755 1.15480 -0.10345 -0.84307 -1.34680 -1.21848 -0.13149 1.67599 0.19828 1.19334 0.20108 -0.31938 1.13895 1.49377 -0.62564 0.01161 -0.59978 -0.07006 -0.61908
